0 8 7 8 4 0 6 0 15 6 0 0 0 7 10 0
0 33 21 5 15 0 9 0 0 20 20 0 0 0 0 0
0 16 0 0 0 0 0 26 0 0 0 2 5 0 0 0
0 12 0 0 0 0 2 5 0 18 2 0 24 0 0 3
0 0 14 35 32 0 18 0 3 13 0 11 2 8 0 16
0 0 37 39 18 0 8 0 0 0 19 2 21 0 7 0
0 9 5 0 6 0 0 1 0 0 0 0 15 6 6 0
15 0 0 0 3 0 1 11 27 0 0 0 12 8 10 14
0 4 3 0 0 2 12 0 16 0 1 0 0 0 0 0
5 16 0 11 29 0 37 0 0 28 0 6 0 0 0 13
0 0 0 6 0 0 14 7 14 1 10 19 7 3 13 0
12 0 0 0 0 0 10 2 7 0 0 0 0 0 0 7
0 5 6 0 7 21 47 0 0 0 0 0 0 0 0 11
0 17 26 0 19 13 17 0 0 18 0 0 12 7 24 0
0 0 0 13 1 6 2 17 3 8 2 0 11 0 3 0
0 0 0 1 0 28 0 42 0 0 0 4 0 24 0 34
0 6 10 7 0 0 0 8 0 31 25 0 0 0 0 0
0 65 41 0 7 6 0 0 20 39 5 0 0 24 3 0
0 9 9 0 19 0 0 10 0 19 8 0 31 0 0 6
0 28 0 0 21 0 11 0 0 5 0 0 24 5 2 0
0 1 0 0 15 0 5 9 0 13 16 21 37 0 2 0
0 0 61 48 21 3 0 0 0 6 21 2 0 17 0 0
4 0 0 17 4 0 0 9 20 0 0 6 28 12 11 0
43 0 0 0 23 0 23 11 26 0 0 0 16 16 27 0
0 9 1 3 0 12 0 0 0 26 5 0 0 7 0 0
30 46 1 0 38 0 28 8 49 28 0 0 28 0 0 14
0 12 0 1 0 7 0 10 2 0 0 14 0 0 18 0
46 0 0 0 6 0 20 0 54 0 4 0 30 0 13 0
14 17 0 0 9 2 29 0 0 4 0 0 21 9 34 0
0 14 18 0 24 11 0 0 0 0 2 23 3 0 0 8
0 0 0 12 0 14 0 5 0 0 0 17 0 11 3 18
0 0 0 0 0 37 4 71 0 0 24 0 0 12 8 14
0 29 11 0 0 6 0 0 11 24 0 0 3 19 3 0
0 40 32 0 0 9 0 0 0 28 11 0 0 0 0 0
0 18 0 0 19 0 5 0 0 4 0 2 0 0 11 0
0 34 5 0 51 0 0 0 0 15 0 0 9 0 0 0
0 4 24 16 10 5 0 0 0 8 14 33 1 5 0 0
0 9 17 0 13 0 0 0 0 6 12 17 10 0 1 0
21 0 0 0 17 5 18 0 0 0 0 0 15 2 22 0
53 0 0 12 22 29 25 4 10 0 0 0 14 0 20 2
21 21 2 0 17 0 4 1 19 8 11 0 4 0 5 0
15 44 0 0 13 0 0 34 7 16 0 3 11 0 5 0
27 0 0 0 3 0 14 1 31 0 0 11 13 0 11 0
28 0 0 0 0 5 5 0 10 0 0 0 2 0 7 0
0 0 1 0 7 0 0 0 0 0 21 0 1 0 0 0
5 17 0 0 10 0 0 4 0 0 0 0 5 0 8 0
0 0 0 0 0 13 8 18 10 0 0 0 4 0 8 0
0 0 31 0 0 24 0 32 0 0 0 0 0 16 6 17
0 21 3 16 25 0 17 0 0 12 8 0 0 2 0 7
0 63 37 0 0 8 0 0 0 38 22 0 4 0 0 0
0 0 0 0 0 0 1 7 0 18 0 0 12 11 2 0
0 28 0 0 34 0 12 0 0 25 0 0 18 0 9 2
0 0 19 31 1 0 20 0 0 9 0 14 17 2 0 17
0 0 58 22 19 1 3 0 0 0 32 10 15 0 0 0
0 0 0 0 0 0 0 6 6 0 1 15 20 0 8 0
48 0 0 0 19 3 30 17 28 0 0 0 11 0 19 9
6 0 1 24 27 0 28 0 0 7 13 0 0 6 0 0
24 49 0 4 45 0 21 19 16 29 0 7 33 0 16 9
0 0 0 0 10 0 0 0 1 6 0 15 0 0 18 0
45 0 0 0 11 0 7 3 20 0 0 0 10 0 1 5
0 12 22 0 13 12 25 0 0 0 0 0 5 5 15 8
0 27 10 0 20 0 0 0 0 18 1 0 12 0 6 0
6 0 0 10 0 25 2 27 0 0 0 8 11 0 0 0
0 0 0 0 0 54 0 70 0 0 0 0 0 36 3 42
0 7 0 0 0 0 0 5 24 1 0 2 3 7 14 10
0 21 10 0 0 9 0 0 0 40 15 0 3 13 7 0
0 8 0 0 3 1 1 0 0 0 0 4 0 9 5 0
0 11 0 0 16 1 3 0 0 7 0 0 2 0 9 0
0 6 0 13 15 0 2 0 4 1 0 5 0 10 0 9
0 2 20 15 17 1 0 0 0 0 37 47 14 7 0 0
2 4 5 5 15 5 14 0 0 6 1 0 0 0 2 0
18 0 0 0 18 14 10 0 12 0 0 0 20 0 19 0
0 0 5 0 0 0 0 0 19 0 0 5 11 0 7 0
8 16 5 0 3 0 0 4 23 19 4 0 20 0 24 0
0 0 0 8 0 4 6 5 16 0 6 0 21 3 3 0
21 0 0 0 0 0 7 0 35 0 0 0 2 0 17 0
2 0 1 0 0 3 9 0 0 0 15 31 0 0 0 2
0 0 6 0 3 2 0 0 0 0 33 0 13 0 0 0
0 0 0 0 0 0 0 0 17 1 5 0 14 0 0 0
0 0 3 0 0 0 0 11 0 0 0 0 0 7 7 23
2 22 3 0 0 23 0 0 0 30 14 0 0 4 0 0
0 40 30 5 12 0 7 0 0 18 9 0 0 1 0 0
0 5 0 7 8 1 13 0 0 15 0 0 23 0 0 0
0 19 0 0 0 0 2 1 0 15 0 0 4 0 0 0
0 0 20 10 0 8 0 0 0 3 16 15 15 0 0 0
0 0 43 72 35 0 16 0 0 4 18 60 42 7 3 0
16 0 0 0 10 0 23 0 18 0 0 2 19 7 16 0
11 0 0 0 17 0 8 13 6 9 4 0 34 0 9 0
26 20 0 0 21 0 5 11 6 22 2 0 3 0 0 1
0 18 8 1 13 0 49 0 0 11 10 0 0 0 21 0
37 0 1 0 19 0 4 1 19 0 0 0 0 1 13 0
8 0 0 0 0 0 25 0 4 0 0 19 0 0 30 1
0 0 15 13 3 0 0 1 0 0 0 0 6 0 2 0
0 2 35 0 21 20 35 0 0 0 28 0 6 10 31 0
0 0 5 0 0 11 3 18 0 0 0 0 0 12 5 18
0 0 0 16 0 21 0 43 0 0 0 12 6 0 6 8
0 31 26 0 0 12 0 0 0 39 15 0 5 4 6 0
0 25 17 1 15 0 1 0 0 39 17 0 3 7 0 0
0 30 1 0 53 5 0 5 0 22 0 0 7 1 6 0
0 3 0 0 3 0 4 0 0 11 0 0 15 0 10 0
0 19 19 5 46 1 0 3 0 0 22 26 11 11 0 0
0 0 32 11 3 0 9 0 0 0 34 25 20 7 0 0
43 0 0 19 43 31 19 0 19 0 0 0 16 0 22 2
20 0 0 0 0 0 8 12 34 0 0 0 20 0 23 4
0 34 6 0 0 0 0 0 35 18 0 0 19 0 15 4
17 19 0 26 39 0 26 13 27 26 1 4 28 0 25 3
14 2 0 16 0 5 18 0 33 0 0 0 17 0 10 0
18 0 0 0 19 0 0 4 25 0 0 0 12 0 12 3
0 0 0 0 11 0 12 11 0 0 11 0 9 0 0 0
0 26 12 9 6 2 1 0 0 8 19 0 3 0 0 0
0 0 8 0 0 3 1 16 1 0 0 0 0 11 4 11
0 0 0 0 0 35 0 47 0 0 0 0 0 28 0 33
0 15 14 10 0 0 0 0 10 11 0 0 0 11 0 8
0 32 6 0 0 15 0 0 0 27 7 0 0 5 0 0
0 9 0 0 0 0 0 9 0 6 0 0 20 9 0 0
0 11 0 2 28 1 4 0 0 14 0 0 12 2 3 0
0 0 21 50 34 0 26 0 0 27 0 0 10 1 0 27
0 8 11 0 0 7 0 0 0 10 19 35 24 5 0 0
0 18 8 0 15 0 2 0 2 1 3 18 23 15 17 0
30 0 0 0 17 18 24 0 16 0 0 0 28 0 20 0
0 8 11 2 0 0 21 0 1 5 4 0 0 4 0 0
35 20 0 0 31 0 0 23 11 15 9 0 0 0 7 0
0 0 0 0 0 0 17 4 6 11 15 29 0 1 9 1
34 0 7 0 25 7 2 0 17 0 0 4 0 0 22 1
0 0 16 0 12 16 53 0 9 0 0 0 0 0 6 11
0 1 0 6 0 0 0 0 0 0 16 0 2 0 7 0
0 0 0 23 0 10 1 23 0 0 14 4 6 0 9 0
0 0 19 0 0 17 5 17 0 0 0 0 0 3 8 5
8 13 0 0 1 11 6 0 0 21 12 0 0 2 0 0
0 13 22 0 0 0 0 0 9 33 7 0 16 5 11 0
0 1 0 3 1 5 6 0 0 16 0 0 15 0 0 0
0 16 2 0 26 5 0 10 0 0 0 5 0 0 11 0
0 0 9 0 0 10 0 0 0 3 11 4 12 4 0 0
0 5 15 24 44 3 5 0 0 0 22 22 0 14 0 0
11 0 0 0 0 0 9 0 15 0 0 0 12 6 9 0
23 0 2 11 31 5 8 0 18 0 0 0 4 0 12 0
20 13 0 9 24 0 8 5 11 21 0 0 1 0 0 0
0 20 10 0 0 3 0 0 52 15 0 11 42 0 19 14
26 0 0 0 25 0 3 7 19 0 0 0 0 0 10 0
0 0 0 8 0 0 26 0 43 0 0 0 36 0 15 0
0 6 10 25 0 0 0 0 0 3 0 0 6 0 0 0
0 0 0 0 5 6 34 5 0 0 28 25 0 0 0 0
4 0 0 0 0 9 0 17 0 0 0 0 0 3 0 10
0 0 0 13 0 1 0 15 1 0 0 0 0 10 0 26
0 28 17 12 16 0 2 0 0 24 30 3 0 0 0 0
0 51 37 0 13 0 0 0 0 28 18 0 19 0 2 0
0 4 0 0 4 0 0 0 0 27 24 0 33 0 0 18
0 24 0 0 11 0 3 0 0 16 0 0 2 0 8 3
0 0 19 0 0 0 16 0 0 0 14 10 38 0 24 0
0 0 43 0 0 0 8 0 0 0 31 40 17 5 13 0
16 0 0 0 0 0 0 30 25 0 0 12 17 0 0 15
46 0 0 0 0 0 14 37 17 0 0 0 20 0 13 6
8 13 0 39 44 0 15 35 0 25 3 3 0 3 0 0
28 40 0 35 68 0 28 43 9 16 0 3 25 0 31 0
8 0 0 0 25 7 0 6 0 0 0 0 0 6 8 5
38 0 0 0 37 0 0 14 15 0 0 0 2 0 11 0
9 37 0 8 8 9 10 0 0 27 0 0 19 23 56 0
0 51 1 11 11 5 0 0 0 4 24 0 8 15 10 0
0 0 0 0 0 41 0 45 0 0 0 16 0 26 0 35
0 0 0 0 0 59 0 79 0 0 0 0 0 25 2 45
