-30
1
-67
5
31
-19
-9
-5
7
-20
-72
15
-20
-8
-13
36
18
40
2
18
1
-27
0
6
15
-52
-51
24
-52
-43
33
28
32
20
-67
12
27
7
-34
-2
26
6
-81
-6
-9
36
-3
46
-17
1
2
35
64
-1
-25
8
-67
-20
-4
24
15
-4
-43
14
8
-3
12
-10
-6
28
-11
24
-9
-26
51
44
11
-38
2
9
-7
-36
-9
3
-11
-18
-8
39
-14
-33
-83
-44
-30
-8
-66
5
28
27
-43
0
-19
17
-36
-3
-23
-20
-12
0
30
13
-97
-8
-9
-5
-40
37
41
6
-41
-40
-8
38
-84
-20
13
1
-24
-22
0
-19
-9
10
-21
24
28
-1
33
-20
-28
25
13
-61
-9
16
-32
-38
-19
18
-29
-13
-28
35
-32
4
1
-1
24
10
-11
1
-44
-13
-21
9
-20
15
-51
-46
-7
-37
-23
-30
12
-13
-70
-22
-17
11
-13
14
39
-2
-62
1
-49
2
-49
42
43
49
-75
-4
-23
-10
-58
22
-2
5
-6
1
-32
-3
-38
50
-28
-41
-27
-1
3
-36
-14
24
-24
-13
-36
11
-16
-19
-17
6
-29
-17
15
32
2
-31
-31
2
-11
50
-3
14
-8
-2
-3
15
-6
46
-64
-2
7
7
-11
-3
-18
56
-40
9
-16
-16
-19
34
58
52
-39
-35
7
-11
22
26
66
5
-20
4
-2
22
-7
4
11
36
-18
59
-43
-2
-6
36
10
-38
28
24
-21
-14
-17
-8
-10
-3
-6
-34
-10
31
-83
-12
-35
3
-39
5
13
6
-71
7
25
10
-17
-26
-17
0
-68
0
39
-12
-69
2
-42
-1
-6
4
4
59
-44
-8
4
27
7
12
19
16
12
4
-5
-4
-15
1
-44
-5
-10
-15
-26
-27
-21
-2
-11
1
-8
-1
17
-31
-64
21
-18
14
-22
-40
-41
-23
9
13
47
19
-101
-17
-41
-26
11
34
34
51
-29
-21
6
15
-26
-8
-26
66
19
-25
-27
22
-46
10
19
56
-29
-22
-16
-17
-19
-11
-9
8
-9
-27
39
-54
-51
40
-42
12
3
37
-10
-31
-64
-19
-7
23
-4
31
-37
-21
-49
10
-4
-40
-64
0
-18
-6
-21
30
3
44
-32
-4
0
-1
-43
-1
-15
-19
-56
10
2
-10
-82
31
51
24
-23
-17
15
-6
-49
11
-18
29
-58
28
7
1
-23
17
-1
14
55
-8
-35
-4
24
49
-21
9
34
-7
-30
-32
-41
34
-18
22
-1
-7
19
2
-15
52
9
-16
6
14
63
17
-20
22
41
40
-37
-14
20
-3
-30
-1
-15
41
7
16
-27
7
-55
-13
1
47
-38
17
30
-1
-52
-17
25
14
-83
-9
-36
-16
-59
30
-23
29
-30
-9
-27
-33
-36
22
-10
2
-17
13
1
-15
-70
8
-36
-21
-12
-3
0
0
0
0
0
0
0
0
-16
18
-69
-1
-6
9
12
-16
-50
13
-54
31
-11
41
-32
20
-12
1
-48
17
17
31
-48
17
0
0
0
0
0
0
0
0
0
0
0
0
0
0
0
0
0
0
0
0
0
0
0
0
0
0
0
0
0
0
0
0
0
0
0
0
0
0
0
0
0
0
0
0
0
0
0
0
0
0
0
0
0
0
0
0
0
0
0
0
0
0
0
0
0
0
0
0
0
0
0
0
