25
-4
-10
1
-38
-48
22
-5
31
-35
-21
-21
-15
-46
-7
24
41
-4
28
-32
-15
-30
8
6
31
-22
-2
-46
-46
-26
-4
-15
6
-17
47
23
16
19
-41
47
6
38
33
5
-8
-12
11
-3
-9
3
39
9
-8
-7
-2
11
22
28
22
-5
76
28
-42
-1
-41
-15
-31
23
-31
-25
35
0
-12
-23
-24
-19
-27
-6
70
17
33
29
23
1
8
-30
-24
-22
21
-15
4
-11
3
-45
-17
52
27
30
1
-20
10
63
-2
23
70
14
39
-3
9
58
-45
20
-11
-6
9
20
41
47
-9
-20
-51
-35
10
20
-18
46
0
41
-12
5
4
-28
16
4
4
10
27
-28
-12
-9
-11
5
60
1
18
-22
-14
41
-31
-12
47
-5
5
-33
0
-29
-8
-32
65
24
-3
12
35
23
-3
56
14
-45
6
-15
59
48
22
-2
-29
46
-20
-19
14
-15
-21
33
-28
29
17
-22
30
-10
-28
67
10
70
9
-20
-13
-25
-48
-40
0
34
21
4
-23
-14
0
-20
25
-6
-5
3
19
-13
5
-53
39
65
47
-33
-22
-79
-51
-9
44
39
3
-3
47
14
-30
29
37
-27
-11
15
24
-17
22
-3
-42
-16
21
-25
15
1
11
34
6
-2
47
-40
52
36
25
66
10
11
20
-5
-42
-35
-18
-41
21
-6
-18
-4
-8
32
2
-79
-15
35
69
-12
-16
-37
-3
-19
35
5
18
-23
-37
-52
11
-34
39
13
47
-1
-9
8
15
35
14
17
-8
-36
7
5
0
91
16
30
24
12
77
8
11
-9
-24
21
36
23
29
-21
44
38
-36
36
-17
-9
14
-71
-12
-63
34
25
-4
-72
49
-2
-34
-22
11
19
7
7
16
43
-51
-10
44
66
-17
-9
-24
-1
-5
-38
40
24
40
-12
31
-15
15
47
3
35
24
-7
33
23
5
0
10
1
40
-38
13
2
-40
41
35
19
19
29
25
9
-39
17
-44
-28
43
-12
-3
-61
7
-97
55
67
51
-25
25
-31
-7
-33
-12
-20
4
-49
-10
-15
-47
-85
31
-2
21
-14
-15
-22
-25
-42
-51
10
31
-9
15
-28
-25
24
-43
7
10
-38
-17
26
83
18
-30
-1
22
9
-17
0
-27
38
22
35
-38
19
2
-14
-11
8
18
34
43
31
-65
4
11
-63
77
5
12
-41
4
11
-1
-25
52
14
5
0
-22
-24
-17
-53
24
19
5
1
3
-15
15
-35
27
49
26
-16
54
31
-11
36
-38
-37
37
-7
45
-6
14
15
-25
-47
10
2
27
-19
25
1
-26
-39
43
14
34
-1
9
72
-31
18
38
-61
7
13
-31
-43
-9
18
30
25
-19
-78
11
-81
-13
29
48
-5
-21
-74
-3
-15
38
47
0
0
0
0
0
0
0
0
-43
-51
16
14
58
18
-20
32
46
16
-1
33
51
21
25
-20
0
-4
51
12
20
13
-22
25
0
0
0
0
0
0
0
0
0
0
0
0
0
0
0
0
0
0
0
0
0
0
0
0
0
0
0
0
0
0
0
0
0
0
0
0
0
0
0
0
0
0
0
0
0
0
0
0
0
0
0
0
0
0
0
0
0
0
0
0
0
0
0
0
0
0
0
0
0
0
0
0
