-4
22
32
54
3
-6
27
46
-5
-7
19
14
-10
-18
7
-21
-1
23
13
-4
-20
38
21
-17
11
-6
8
16
0
-5
-22
3
-21
12
-1
12
-13
11
10
30
5
-2
8
-16
-18
-10
10
-15
2
18
-2
5
-4
13
5
5
6
36
19
-19
-11
25
26
-17
8
4
-2
24
4
-1
9
22
6
7
-25
-4
-2
-2
-30
-21
28
21
-24
25
41
4
-29
17
7
5
-12
13
-21
-5
9
-16
31
1
33
21
19
4
44
14
11
11
-3
12
-15
4
-20
0
3
0
24
30
-9
-3
-5
45
-1
-4
27
7
-10
8
-4
-36
23
25
22
0
12
-3
27
0
8
3
-28
0
8
-23
-53
0
0
0
0
0
0
0
0
0
0
0
0
0
0
0
0
0
-5
16
16
35
-8
13
28
36
-17
11
24
19
12
40
20
43
-1
22
-7
-15
18
11
-7
14
4
4
-8
11
-8
26
7
-7
-26
6
-2
16
-20
18
23
3
-29
3
-8
-29
-15
16
1
32
-13
5
2
7
-6
58
44
7
3
24
8
-9
10
-4
-31
17
1
-6
1
28
-2
7
-11
18
8
-9
-29
-5
21
13
12
3
12
11
-6
9
-7
33
17
-11
-4
1
-17
3
13
25
-11
43
22
-10
29
12
18
7
14
44
4
-2
1
11
14
-13
27
-4
0
2
6
3
5
10
39
-28
-1
-2
24
-9
-4
11
14
12
17
7
20
0
33
10
-29
0
17
12
-7
0
32
22
29
0
0
0
0
0
0
0
0
0
0
0
0
0
0
0
0
0
-15
6
2
-13
-3
30
18
30
-3
11
22
28
-14
-11
36
29
0
4
-37
0
10
10
3
12
14
5
-3
7
4
20
-15
10
-38
0
-5
-21
-18
25
15
12
-11
6
13
5
-28
4
16
-16
-12
8
11
1
6
31
19
27
-3
37
21
-4
-10
59
40
-21
0
-18
-23
-14
-4
13
14
13
4
10
-14
11
11
-10
-44
-3
-35
-9
14
-22
-7
44
18
-14
2
24
4
11
-2
-5
-11
7
-20
-16
-11
-2
13
8
10
41
20
4
9
21
3
-3
15
16
-8
7
-3
-57
14
15
29
-14
2
6
29
-10
-17
-1
25
-26
16
-13
-19
0
29
31
-3
0
24
9
-23
0
28
-21
-36
0
0
0
0
0
0
0
0
0
0
0
0
0
0
0
0
0
-8
-22
12
13
-13
-10
16
20
-4
-9
12
28
-13
-7
27
29
-12
20
6
0
10
14
-19
1
4
22
-7
-4
10
8
3
26
-9
8
9
-6
-21
5
13
-7
-9
9
15
10
-6
12
9
-34
-5
22
24
-2
-20
41
42
-6
-16
31
31
0
8
54
31
-14
-3
-15
-6
3
-4
-14
-21
19
-1
-11
-5
24
11
-11
-33
-5
11
-16
-14
-15
-6
-2
8
-16
6
-3
4
-5
0
-10
-16
4
-8
3
19
14
7
-5
18
24
9
-7
30
19
-2
0
11
21
-10
-8
-5
7
-7
-2
15
-31
-8
-5
9
-13
-8
-11
37
-10
0
-19
5
0
15
-18
-19
0
12
-18
1
0
16
-4
-13
0
0
0
0
0
0
0
0
0
0
0
0
0
0
0
0
0
1
22
16
25
-4
22
25
38
-1
27
35
45
-3
-14
10
11
-14
30
-15
-26
-7
19
10
2
2
20
7
3
5
15
-15
9
-39
4
-1
33
-20
13
-6
0
-25
16
13
19
-5
7
19
-4
-14
-11
-15
12
10
9
-12
7
4
33
9
9
-9
39
32
-8
7
-1
4
11
12
-1
-3
4
8
16
-3
11
7
-10
-20
-3
6
14
-4
15
16
10
-24
21
13
39
-6
18
-12
-11
10
-3
11
-15
24
-5
11
-4
21
9
24
7
20
27
-10
-9
12
7
-8
14
-13
-6
0
0
17
20
4
14
28
7
-16
-2
11
-36
26
1
15
0
20
22
25
0
36
25
-7
0
15
-30
-22
0
0
0
0
0
0
0
0
0
0
0
0
0
0
0
0
0
-11
5
26
26
-14
-26
11
-4
1
-6
-2
12
0
2
19
29
25
3
-12
24
7
-1
-12
22
-10
20
-4
-3
-1
22
-5
6
-14
15
25
-12
-3
1
10
-39
0
7
-2
-2
-8
9
9
0
-5
69
53
-3
-2
46
38
-21
-2
-3
-6
1
0
27
8
-7
-1
4
-24
8
4
-17
-38
-17
11
-19
-2
-1
18
-8
-19
-3
-17
25
20
-13
-16
-25
-3
-15
2
-28
-10
9
2
-10
-10
23
11
7
4
41
-19
-1
-6
8
-15
-20
22
-13
-3
-15
22
-2
2
7
45
-42
-13
-10
17
-32
-16
-12
-7
-6
-17
-4
16
-14
31
2
-46
0
4
-27
-34
0
0
-22
29
0
21
-16
2
0
0
0
0
0
0
0
0
0
0
0
0
0
0
0
0
0
-15
-19
15
7
-8
16
17
18
-12
6
37
42
-14
-6
27
35
-2
12
-16
1
-2
14
-12
-15
-9
21
14
9
-4
28
-7
-15
-21
-3
4
-20
-37
3
1
15
-23
11
-2
-16
-36
6
9
10
-13
28
28
-15
-14
7
9
9
11
30
4
-6
-21
30
33
1
1
-19
-30
-1
-6
2
-1
17
14
-5
-21
-2
-8
-10
-10
30
-4
-20
-9
-10
2
25
4
-8
22
1
-38
18
16
9
-8
-13
-6
-5
8
6
17
1
11
18
9
4
21
16
21
2
31
30
-13
-7
3
-20
5
13
1
-8
-5
-5
23
26
-3
2
3
1
7
-24
-17
0
20
12
-5
0
20
14
10
0
17
-6
-3
0
0
0
0
0
0
0
0
0
0
0
0
0
0
0
0
0
-9
11
32
65
-2
-13
9
19
6
-1
21
34
-2
35
38
73
16
18
18
10
-11
20
8
-7
-7
31
3
-3
13
28
14
5
-5
16
3
-5
-4
5
4
5
-8
14
22
25
-21
30
17
26
2
42
23
-1
-5
8
9
0
-5
30
16
4
1
46
23
23
4
-4
-7
41
0
-11
1
12
10
1
-2
7
2
12
12
41
30
13
-22
17
18
-12
-16
0
12
7
-3
15
21
49
0
11
38
3
41
38
2
-2
25
7
4
-5
31
11
41
5
43
52
7
-14
45
29
-8
-8
-6
17
-14
4
7
-3
12
8
45
12
16
23
24
0
-1
-12
17
0
24
-15
-1
0
39
36
17
0
0
0
0
0
0
0
0
0
0
0
0
0
0
0
0
0
2
11
7
8
-10
-23
16
-1
-7
-5
28
32
0
0
0
0
-19
17
-2
-10
-14
21
-24
-14
-2
22
-1
-2
0
0
0
0
-17
1
-9
7
-31
-11
6
-4
-20
6
13
5
0
0
0
0
5
-18
-29
3
-20
18
18
-21
-9
37
26
-7
0
0
0
0
15
-4
-3
-15
7
-17
-35
-11
4
-4
-17
11
0
0
0
0
4
-8
-18
22
-3
-24
-11
1
13
5
-12
5
0
0
0
0
-10
-13
9
-21
-12
-11
8
-13
13
2
23
19
0
0
0
0
-11
2
-12
6
-25
0
-17
-24
-9
1
13
1
0
0
0
0
10
-2
20
0
12
-40
-26
0
20
-8
-11
0
0
0
0
0
0
0
0
0
0
0
0
0
0
0
0
0
0
0
0
0
0
0
0
0
0
0
0
0
0
0
0
0
0
0
0
0
0
0
0
0
0
0
0
0
0
0
0
0
0
0
0
0
0
0
0
0
0
0
0
0
0
0
0
0
0
0
0
0
0
0
0
0
0
0
0
0
0
0
0
0
0
0
0
0
0
0
0
0
0
0
0
0
0
0
0
0
0
0
0
0
0
0
0
0
0
0
0
0
0
0
0
0
0
0
0
0
0
0
0
0
0
0
0
0
0
0
0
0
0
0
0
0
0
0
0
0
0
0
0
0
0
0
0
0
0
0
0
0
0
0
0
0
0
0
0
0
0
0
0
0
0
0
0
0
0
0
0
0
0
0
0
0
0
0
0
0
0
0
0
0
