-9
3
-14
-5
-9
-17
5
-6
-5
2
-12
-5
-5
-13
0
-1
-17
2
-26
-7
-12
-33
10
-12
-10
3
-18
-5
-5
-25
4
-8
0
0
0
0
0
0
0
0
0
0
0
0
0
0
0
0
0
0
0
0
0
0
0
0
0
0
0
0
0
0
0
0
-7
2
-16
-4
-5
-17
4
-1
-9
2
-12
-4
-4
-17
2
-8
-10
0
-18
-3
-6
-21
6
-3
0
3
-1
-1
-2
-3
-2
-2
0
0
0
0
0
0
0
0
0
0
0
0
0
0
0
0
0
0
0
0
0
0
0
0
0
0
0
0
0
0
0
0
-14
6
-23
-5
-8
-30
7
-8
3
-1
0
-1
0
1
-4
1
-5
4
-7
-4
-4
-13
0
-8
-15
4
-22
-6
-14
-27
10
-10
0
0
0
0
0
0
0
0
0
0
0
0
0
0
0
0
0
0
0
0
0
0
0
0
0
0
0
0
0
0
0
0
4
0
3
-1
1
1
-6
0
-15
3
-29
-6
-9
-35
9
-10
4
-1
4
0
3
3
-6
0
-10
3
-15
-4
-7
-22
4
-11
0
0
0
0
0
0
0
0
0
0
0
0
0
0
0
0
0
0
0
0
0
0
0
0
0
0
0
0
0
0
0
0
-13
4
-23
-6
-9
-25
7
-4
-19
5
-30
-8
-12
-38
10
-12
-18
1
-26
-6
-14
-29
12
-9
2
-3
3
1
0
6
-1
2
0
0
0
0
0
0
0
0
0
0
0
0
0
0
0
0
0
0
0
0
0
0
0
0
0
0
0
0
0
0
0
0
-11
2
-13
-4
-7
-18
6
-8
-5
-1
-12
-3
-6
-11
4
-1
-5
2
-6
-3
-4
-9
1
-6
-25
6
-40
-9
-18
-45
17
-13
0
0
0
0
0
0
0
0
0
0
0
0
0
0
0
0
0
0
0
0
0
0
0
0
0
0
0
0
0
0
0
0
-1
1
-2
-1
-1
-3
-1
-1
2
0
-3
-2
1
-4
-4
2
-15
4
-25
-7
-11
-32
9
-11
11
-3
9
3
7
13
-8
6
0
0
0
0
0
0
0
0
0
0
0
0
0
0
0
0
0
0
0
0
0
0
0
0
0
0
0
0
0
0
0
0
2
-2
-2
0
5
-4
-5
0
-19
5
-34
-8
-13
-43
10
-14
-22
4
-38
-8
-16
-43
15
-11
-13
3
-20
-6
-11
-25
8
-8
0
0
0
0
0
0
0
0
0
0
0
0
0
0
0
0
0
0
0
0
0
0
0
0
0
0
0
0
0
0
0
0
-11
4
-26
-7
-12
-28
8
-6
0
-3
-5
1
-2
-4
1
1
4
-1
7
0
-3
6
-3
-1
0
0
0
0
0
0
0
0
0
0
0
0
0
0
0
0
0
0
0
0
0
0
0
0
0
0
0
0
0
0
0
0
0
0
0
0
0
0
0
0
0
0
0
0
0
0
0
0
0
0
0
0
0
0
0
0
0
0
0
0
0
0
0
0
0
0
0
0
0
0
0
0
0
0
0
0
0
0
0
0
0
0
0
0
0
0
0
0
0
0
0
0
0
0
0
0
0
0
0
0
0
0
0
0
