-10
24
2
-51
20
2
13
11
19
28
-19
-52
16
-36
-22
-40
17
-7
-29
7
29
11
-27
13
57
20
-33
-49
55
33
-41
12
-37
5
3
-26
-1
-1
-25
-14
-10
9
16
-10
19
12
39
-8
8
63
0
-19
34
7
-30
-33
-3
62
-23
-74
21
15
9
-39
11
12
30
-8
19
1
-27
-9
10
6
-34
-20
-3
30
-13
13
30
-13
-12
-49
58
9
23
24
-4
-20
16
-17
44
15
1
-18
-28
31
-9
-25
-16
-2
-47
-6
17
16
64
-42
24
39
14
-29
-13
-32
44
17
-13
6
35
-54
-26
-13
25
19
-13
54
-18
-25
-4
16
37
-60
54
23
37
19
15
-11
-9
-52
26
17
-14
-8
-12
-3
9
-42
26
26
-20
31
4
44
-16
-87
7
-6
-15
43
2
10
51
-7
-59
-25
2
-81
-22
-15
34
27
16
13
23
-2
-12
20
42
-65
31
-12
-33
-19
-17
20
68
-1
8
-4
-14
-52
1
-8
-8
-35
44
-4
24
-16
6
-26
12
-4
53
51
-54
24
7
-40
29
24
4
42
-52
34
17
-9
-11
-60
-2
-11
-11
-14
-17
-7
43
-18
9
19
10
-4
-6
48
-1
-63
26
-7
11
-28
-13
28
45
15
4
24
1
45
34
11
49
-24
8
13
30
-57
-14
24
-14
-14
23
11
12
-12
-2
14
1
-50
37
-23
-5
17
25
2
-3
-85
7
-13
8
8
61
16
6
-16
-2
11
-44
23
-38
5
35
3
-17
18
-40
-23
3
27
28
-11
-14
17
13
-61
-10
-3
57
-7
28
-41
22
-46
-29
44
5
-31
46
22
33
-13
42
7
-26
-15
34
13
9
41
24
7
-7
-68
35
-37
-46
11
-22
7
37
-39
-19
-9
-30
-6
-3
71
-23
-38
53
5
19
3
15
-6
19
22
-2
37
37
-53
-5
-7
33
-23
1
-16
-20
-13
-16
-2
89
-19
14
-35
-56
16
-50
52
40
-76
29
47
5
-19
50
25
-4
-15
26
-11
-37
25
12
-29
3
-3
24
-11
-3
27
40
18
-25
-35
15
42
-21
20
46
-40
4
-23
27
12
-53
16
3
43
-16
-35
13
-1
-3
-25
-7
-23
4
-22
-11
8
-15
1
10
43
-17
-25
10
26
5
-24
-8
4
-27
-10
-8
-1
-17
5
26
-11
7
-15
9
-24
-12
-6
-13
3
-7
-19
-6
-24
-16
2
28
6
11
-31
66
15
-37
-16
60
-5
-36
-23
54
-5
40
44
-13
-7
18
-24
-5
-21
-25
-11
-24
27
10
-41
-3
-35
-34
-24
-25
5
36
3
10
35
24
19
-21
-4
42
-14
-26
41
44
-30
-4
14
-21
-29
18
2
-37
-7
48
-5
-16
-39
38
-46
-15
-24
56
14
-34
-46
0
10
29
-29
0
0
0
0
0
0
0
0
-10
31
16
-27
-9
3
22
-30
-36
-7
29
34
-6
30
-1
-11
-10
6
21
-3
15
55
43
-8
0
0
0
0
0
0
0
0
0
0
0
0
0
0
0
0
0
0
0
0
0
0
0
0
0
0
0
0
0
0
0
0
0
0
0
0
0
0
0
0
0
0
0
0
0
0
0
0
0
0
0
0
0
0
0
0
0
0
0
0
0
0
0
0
0
0
0
0
0
0
0
0
