17
36
7
-2
-7
10
-12
5
26
15
4
-11
-21
18
2
-15
-1
49
35
36
-36
-26
-7
-15
-14
17
19
25
-77
-35
-61
2
-19
-34
-1
21
43
-6
12
-11
14
-9
36
20
38
-10
44
-4
-25
-28
5
22
63
0
38
-2
-24
-34
33
50
64
-4
60
23
-2
13
6
49
-50
33
-18
18
-4
-13
-57
44
-15
17
-7
5
-7
16
10
23
-6
12
-5
15
2
13
-10
-15
-4
32
23
10
8
14
5
21
21
20
11
-21
4
-29
20
1
26
18
48
2
-22
-6
-42
-11
36
53
-1
-8
22
-52
-22
36
93
6
26
-4
-6
-83
4
50
-18
26
6
20
10
15
10
5
-20
2
-40
4
-5
22
-11
31
9
32
-1
12
-1
10
14
-21
-10
-34
-1
25
-17
16
26
30
68
3
38
10
-32
-26
18
15
41
11
58
20
16
-60
8
4
43
-26
26
-8
-4
-31
42
-8
80
8
9
-21
16
33
0
-27
6
-45
-35
10
-48
49
-27
-2
-7
25
-48
-3
-15
19
-19
-6
-37
-19
-21
-23
2
-19
-21
27
-36
-40
-43
-31
6
7
-9
12
44
-13
21
5
-12
-43
59
18
35
-18
27
7
-1
-64
9
21
59
2
27
19
-34
-23
20
13
64
-9
58
29
-5
-58
9
17
-8
26
31
50
-12
25
-41
34
-30
19
24
23
29
11
15
40
31
-4
20
-35
6
-14
-21
3
-60
-46
-8
28
-1
-35
26
12
-25
10
37
-15
-26
-18
17
5
79
48
-22
-23
-44
5
41
41
34
17
6
-9
9
-22
19
24
-16
35
31
-4
-1
-18
-50
10
-29
-61
-60
-12
-7
1
26
9
-55
-14
-45
57
9
27
38
13
-5
-28
19
-29
-36
30
-36
10
-51
6
-18
18
-19
-26
25
18
12
13
12
41
11
-10
2
5
54
8
15
16
3
-1
20
32
78
-62
44
26
20
-5
20
13
34
16
29
-2
11
0
-54
4
-40
-18
-16
16
-3
-20
-18
21
-69
21
-16
8
-13
80
1
-10
-29
47
-42
53
14
27
29
5
-33
-24
-19
34
-27
11
-5
41
-6
-1
43
22
-41
-11
8
14
14
19
42
11
11
-2
22
-2
50
-11
28
-19
-22
-11
26
24
40
-9
21
16
15
44
11
36
-7
9
11
-1
13
41
30
41
-37
-19
13
22
-21
32
12
35
-19
11
-33
-10
-17
19
-71
18
-16
-7
-2
-18
-21
21
26
55
11
12
39
16
-40
-13
74
56
37
17
26
30
20
-37
55
27
14
-11
-6
3
-21
1
-9
7
19
52
-4
13
16
18
32
32
-48
-29
-13
17
-38
13
32
-33
-32
-30
-15
19
17
19
-2
-38
-30
12
-10
-14
0
0
0
0
0
0
0
0
9
-16
4
8
62
-13
0
12
-12
-2
10
46
37
33
-5
1
-10
-5
9
28
50
7
29
14
0
0
0
0
0
0
0
0
0
0
0
0
0
0
0
0
0
0
0
0
0
0
0
0
0
0
0
0
0
0
0
0
0
0
0
0
0
0
0
0
0
0
0
0
0
0
0
0
0
0
0
0
0
0
0
0
0
0
0
0
0
0
0
0
0
0
0
0
0
0
0
0
