-24
27
-17
-41
-29
-16
-53
-34
10
-14
-44
-21
-56
-52
-22
10
42
-22
-61
0
21
26
4
-10
50
0
-106
-33
-19
-33
6
-22
-13
-42
40
1
41
24
33
-6
-16
0
14
-15
54
60
33
-7
-23
-1
23
32
-7
32
5
6
-2
-52
-18
-9
19
-5
34
-15
1
17
-54
-37
-12
-11
-33
-37
24
21
-32
-8
-92
-84
5
-13
-42
-7
-89
-19
17
-8
4
-50
39
52
-32
-10
9
-33
-24
-13
7
-20
13
-9
40
12
58
9
-7
-1
-6
15
27
-3
29
-4
-13
-14
11
-49
48
6
45
-1
-23
-1
-7
-72
-6
12
56
-46
-21
42
-99
3
-12
-26
10
-47
-3
-34
-33
-11
-8
-47
-4
28
-29
-1
-12
-35
-20
-32
-3
-21
30
-1
-36
-51
-19
-28
-1
0
34
-19
-6
-34
13
-31
43
29
-33
-6
13
7
13
48
50
14
-6
5
-1
7
40
23
17
0
0
42
2
-7
15
-24
15
68
-16
28
-13
-13
-51
-40
-7
1
0
-65
-29
-18
-1
-34
-24
1
26
-4
-40
25
-59
-50
8
17
26
-7
-49
21
-55
-3
-9
0
11
25
-9
-44
27
33
42
0
-24
19
-33
-1
33
3
4
3
-30
20
4
-10
-17
26
12
-56
-10
-27
4
-1
31
23
57
-22
-20
30
-61
2
-34
-29
-55
-2
-21
16
-74
-4
5
-4
29
-33
10
-22
-38
9
-47
-33
-21
16
67
33
-31
-30
-63
-32
9
17
-17
-4
4
-17
23
2
71
36
-23
35
39
-14
6
0
44
-29
13
8
8
36
55
-5
8
32
14
17
9
-33
-23
-27
32
-2
31
24
-38
45
-53
-13
-10
-16
-8
-4
-35
-26
-16
-16
24
-37
24
40
-24
-14
-43
-42
-15
-16
15
42
-73
-2
-8
-27
-18
-31
-39
-47
-18
-26
19
21
30
11
0
-21
-2
10
29
-16
31
6
19
9
11
14
-22
28
37
-12
-11
19
-18
-43
-23
6
44
30
30
6
-66
20
-58
-11
2
8
9
-6
-76
0
-2
-3
-25
-3
-39
-30
-54
13
-14
5
-19
15
9
18
-46
-62
-38
-32
-25
14
12
40
-15
-45
4
12
54
-44
5
-9
30
4
47
33
84
-20
-31
5
-33
-15
32
30
-19
-12
-28
33
-2
-32
17
23
58
-31
-26
3
-47
53
-38
20
-30
-30
17
9
-65
19
-5
10
-22
-25
-11
-12
-46
34
-35
-31
-51
-16
-11
10
-57
30
-23
-49
-32
-14
0
4
3
-47
34
79
45
42
32
13
4
30
-10
39
-3
48
-15
-11
-26
-5
2
10
11
2
-14
46
-40
22
69
26
43
-19
0
22
-48
9
-16
-19
13
-42
13
66
-77
-29
-9
-13
-33
1
40
32
-46
-3
-23
-47
-42
35
0
0
0
0
0
0
0
0
-25
-29
56
51
-1
-12
43
3
-22
30
-25
-60
3
-23
52
37
34
49
11
5
55
34
36
-15
0
0
0
0
0
0
0
0
0
0
0
0
0
0
0
0
0
0
0
0
0
0
0
0
0
0
0
0
0
0
0
0
0
0
0
0
0
0
0
0
0
0
0
0
0
0
0
0
0
0
0
0
0
0
0
0
0
0
0
0
0
0
0
0
0
0
0
0
0
0
0
0
