-33
-11
-32
16
19
-11
18
21
-18
-15
-11
3
13
-7
13
15
-7
-9
-10
5
2
-4
10
8
-5
-6
-4
2
1
-5
5
0
0
0
0
0
0
0
0
0
0
0
0
0
0
0
0
0
0
0
0
0
0
0
0
0
0
0
0
0
0
0
0
0
-9
3
-14
-5
-9
-17
5
-6
-5
2
-12
-5
-5
-13
0
-1
-17
2
-26
-7
-12
-33
10
-12
-10
3
-18
-5
-5
-25
4
-8
0
0
0
0
0
0
0
0
0
0
0
0
0
0
0
0
0
0
0
0
0
0
0
0
0
0
0
0
0
0
0
0
-27
-11
-11
4
22
-11
8
10
9
-2
0
0
-7
0
0
-2
-2
1
10
-10
2
-5
-9
-8
-13
-12
-3
5
7
0
17
5
0
0
0
0
0
0
0
0
0
0
0
0
0
0
0
0
0
0
0
0
0
0
0
0
0
0
0
0
0
0
0
0
-7
2
-16
-4
-5
-17
4
-1
-9
2
-12
-4
-4
-17
2
-8
-10
0
-18
-3
-6
-21
6
-3
0
3
-1
-1
-2
-3
-2
-2
0
0
0
0
0
0
0
0
0
0
0
0
0
0
0
0
0
0
0
0
0
0
0
0
0
0
0
0
0
0
0
0
-17
-6
6
-8
16
-7
1
0
13
2
13
-7
-10
0
-8
-14
21
7
3
1
-20
9
-2
-5
-9
-3
0
-6
9
-4
4
5
0
0
0
0
0
0
0
0
0
0
0
0
0
0
0
0
0
0
0
0
0
0
0
0
0
0
0
0
0
0
0
0
-14
6
-23
-5
-8
-30
7
-8
3
-1
0
-1
0
1
-4
1
-5
4
-7
-4
-4
-13
0
-8
-15
4
-22
-6
-14
-27
10
-10
0
0
0
0
0
0
0
0
0
0
0
0
0
0
0
0
0
0
0
0
0
0
0
0
0
0
0
0
0
0
0
0
35
10
18
-11
-27
10
-10
-12
42
13
21
-12
-31
15
-10
-15
19
3
14
-6
-17
1
-8
-17
-7
-2
-13
8
6
-1
10
7
0
0
0
0
0
0
0
0
0
0
0
0
0
0
0
0
0
0
0
0
0
0
0
0
0
0
0
0
0
0
0
0
4
0
3
-1
1
1
-6
0
-15
3
-29
-6
-9
-35
9
-10
4
-1
4
0
3
3
-6
0
-10
3
-15
-4
-7
-22
4
-11
0
0
0
0
0
0
0
0
0
0
0
0
0
0
0
0
0
0
0
0
0
0
0
0
0
0
0
0
0
0
0
0
-26
-15
-17
7
15
-10
13
16
29
6
29
-17
-16
8
-12
-17
-27
-12
-22
8
17
-11
13
15
-28
-12
-19
10
17
-12
12
9
0
0
0
0
0
0
0
0
0
0
0
0
0
0
0
0
0
0
0
0
0
0
0
0
0
0
0
0
0
0
0
0
-13
4
-23
-6
-9
-25
7
-4
-19
5
-30
-8
-12
-38
10
-12
-18
1
-26
-6
-14
-29
12
-9
2
-3
3
1
0
6
-1
2
0
0
0
0
0
0
0
0
0
0
0
0
0
0
0
0
0
0
0
0
0
0
0
0
0
0
0
0
0
0
0
0
-47
-21
-20
8
34
-19
19
17
-4
0
2
-2
1
-2
-1
-4
0
2
-6
1
-3
-4
-3
0
-2
-7
-4
0
1
-6
1
3
0
0
0
0
0
0
0
0
0
0
0
0
0
0
0
0
0
0
0
0
0
0
0
0
0
0
0
0
0
0
0
0
-11
2
-13
-4
-7
-18
6
-8
-5
-1
-12
-3
-6
-11
4
-1
-5
2
-6
-3
-4
-9
1
-6
-25
6
-40
-9
-18
-45
17
-13
0
0
0
0
0
0
0
0
0
0
0
0
0
0
0
0
0
0
0
0
0
0
0
0
0
0
0
0
0
0
0
0
-33
-15
-19
11
21
-10
22
15
-12
-4
-1
-3
7
-6
1
1
7
1
16
-11
-7
2
-3
-10
-18
-12
-15
6
11
-6
15
16
0
0
0
0
0
0
0
0
0
0
0
0
0
0
0
0
0
0
0
0
0
0
0
0
0
0
0
0
0
0
0
0
-1
1
-2
-1
-1
-3
-1
-1
2
0
-3
-2
1
-4
-4
2
-15
4
-25
-7
-11
-32
9
-11
11
-3
9
3
7
13
-8
6
0
0
0
0
0
0
0
0
0
0
0
0
0
0
0
0
0
0
0
0
0
0
0
0
0
0
0
0
0
0
0
0
8
-2
-2
1
-10
-1
2
-1
-19
-10
-11
2
11
-12
3
7
-3
-4
3
-3
-2
-6
-4
-7
-7
-6
13
-7
2
-5
0
-13
0
0
0
0
0
0
0
0
0
0
0
0
0
0
0
0
0
0
0
0
0
0
0
0
0
0
0
0
0
0
0
0
2
-2
-2
0
5
-4
-5
0
-19
5
-34
-8
-13
-43
10
-14
-22
4
-38
-8
-16
-43
15
-11
-13
3
-20
-6
-11
-25
8
-8
0
0
0
0
0
0
0
0
0
0
0
0
0
0
0
0
0
0
0
0
0
0
0
0
0
0
0
0
0
0
0
0
-48
-19
-29
13
31
-16
20
21
-22
-12
-21
12
15
-9
18
14
-13
-5
-15
9
7
-3
13
8
0
0
0
0
0
0
0
0
0
0
0
0
0
0
0
0
0
0
0
0
0
0
0
0
0
0
0
0
0
0
0
0
0
0
0
0
0
0
0
0
-11
4
-26
-7
-12
-28
8
-6
0
-3
-5
1
-2
-4
1
1
4
-1
7
0
-3
6
-3
-1
0
0
0
0
0
0
0
0
0
0
0
0
0
0
0
0
0
0
0
0
0
0
0
0
0
0
0
0
0
0
0
0
0
0
0
0
0
0
0
0
0
0
0
0
0
0
0
0
0
0
0
0
0
0
0
0
0
0
0
0
0
0
0
0
0
0
0
0
0
0
0
0
0
0
0
0
0
0
0
0
0
0
0
0
0
0
0
0
0
0
0
0
0
0
0
0
0
0
0
0
0
0
0
0
0
0
0
0
0
0
0
0
0
0
0
0
0
0
0
0
0
0
0
0
0
0
0
0
0
0
0
0
0
0
0
0
0
0
0
0
0
0
0
0
0
0
0
0
0
0
0
0
0
0
0
0
0
0
0
0
0
0
0
0
0
0
0
0
