2
-18
-4
-18
11
-7
11
-1
28
47
38
24
12
27
13
-10
9
-34
-12
13
-6
6
-6
8
14
15
-26
-2
22
-16
10
-5
-58
-47
10
-12
-26
-5
20
10
-9
15
28
23
-4
7
11
14
-10
-12
-14
-56
2
-7
-4
-13
4
16
12
8
-5
-15
-21
-2
-16
-5
-65
-30
15
-16
-9
-5
37
-8
14
-1
33
11
0
-33
-41
-7
20
32
-13
12
15
20
10
35
20
28
-8
38
17
26
-44
-20
1
5
-31
-23
-1
-18
-31
-18
9
-8
-39
-4
2
-16
-38
-29
-15
-52
-15
-18
1
-19
-27
-11
17
-23
5
-5
12
-21
-23
-1
-24
0
8
21
0
0
26
16
11
0
20
18
-20
0
0
0
0
0
0
0
0
0
0
0
0
0
0
0
0
0
-7
-8
-28
-37
-20
-37
-14
-28
13
13
21
15
-2
41
14
0
11
-41
33
-7
-2
-15
31
1
14
0
-35
14
31
-23
4
-20
-3
-15
-13
-24
-10
-8
-4
7
-24
-17
5
11
3
4
4
10
-28
-30
-46
-32
10
-32
-24
-5
4
12
26
-10
7
0
-11
4
-13
-1
-17
-48
11
19
-16
-20
12
11
-27
13
24
31
1
-31
-29
10
-12
3
-19
5
13
4
-9
-4
23
30
4
38
16
14
-20
4
-1
-16
-17
6
-12
-10
5
5
11
27
-22
16
5
12
12
-10
3
-7
33
8
-10
-5
-24
6
-9
-13
7
15
13
-24
-19
0
-31
0
10
13
-30
0
6
-2
1
0
20
-12
-28
0
0
0
0
0
0
0
0
0
0
0
0
0
0
0
0
0
9
52
7
-3
33
50
41
25
-18
-21
-11
-16
5
63
42
17
37
-33
3
-17
20
17
-21
1
6
-20
4
1
43
-7
-27
-13
5
-2
-6
-3
-3
21
21
37
-12
-20
-8
-6
10
16
14
28
-8
1
-12
-3
19
15
25
32
-3
-14
-13
-22
-2
6
0
2
13
31
-2
-35
48
23
16
6
-6
8
-27
-13
61
16
10
-15
-4
34
7
22
14
35
30
38
-16
-7
6
0
12
52
30
25
-5
26
13
19
-12
3
10
5
-9
4
-4
8
-34
4
11
9
8
20
10
-11
3
15
6
-7
-3
-1
-7
-14
-27
4
30
-32
8
-18
-31
0
39
14
0
0
-7
-4
-17
0
41
14
-5
0
0
0
0
0
0
0
0
0
0
0
0
0
0
0
0
0
-19
9
13
-2
23
21
2
-12
23
40
26
15
18
15
23
1
17
-8
2
-12
11
-15
16
-3
12
11
-7
-6
23
-12
-16
12
6
5
1
16
-10
2
9
1
4
20
16
21
-31
-15
11
22
9
-12
-11
-1
-10
-14
-21
-6
5
5
5
18
9
-7
8
-8
37
17
7
-10
16
2
3
-31
38
5
26
-3
33
26
-29
-10
0
30
19
4
-17
31
6
28
8
37
14
23
-20
20
37
48
-10
15
1
7
-20
0
6
-17
-7
3
9
-6
-18
7
9
15
7
19
15
-9
15
1
6
-3
6
12
15
3
-3
11
-8
-21
31
7
-17
0
8
13
-21
0
30
14
-1
0
22
12
-22
0
0
0
0
0
0
0
0
0
0
0
0
0
0
0
0
0
14
-3
22
9
33
44
32
17
25
23
29
10
3
42
27
6
-1
11
-22
14
24
4
-29
10
15
1
-17
8
29
-6
-3
-13
-33
-10
21
19
-10
6
15
21
-31
-5
23
26
10
18
12
27
9
-1
12
-11
-1
13
19
9
18
5
15
5
10
0
-5
17
24
-7
-17
7
29
10
-7
0
30
19
-17
-7
45
25
11
-19
-13
9
27
30
4
18
23
38
-7
23
35
44
13
43
24
17
-22
-16
3
-2
-21
-8
9
4
-29
-7
6
5
-34
3
1
-1
-20
-8
-4
-20
-22
-8
2
-19
-6
1
-6
-28
1
6
17
-25
16
20
2
0
16
13
5
0
23
11
-13
0
35
10
-13
0
0
0
0
0
0
0
0
0
0
0
0
0
0
0
0
0
-7
25
26
7
-16
15
4
-2
-13
28
-8
-9
-1
23
19
3
23
0
-2
-11
19
-15
-5
-10
23
-36
4
-21
19
-10
-3
-10
8
15
8
32
12
0
-8
0
5
-13
-11
-22
-8
2
12
18
21
-5
2
20
-7
-2
-9
-8
-20
-4
-25
-29
15
0
-3
4
52
33
12
-6
12
9
-2
-10
-6
5
-4
-34
27
22
-5
-19
9
39
30
16
3
11
4
-5
-10
20
-9
-3
3
29
23
16
-13
17
2
10
-5
10
2
11
-2
19
10
15
-31
1
0
4
16
26
13
-10
-10
4
12
-11
-10
8
17
-13
-2
4
7
-30
45
9
-18
0
7
-5
-7
0
-9
-23
-23
0
22
0
-18
0
0
0
0
0
0
0
0
0
0
0
0
0
0
0
0
0
-13
55
34
14
21
18
8
-3
11
17
11
3
21
30
17
-10
34
-3
-2
-29
5
-4
-1
2
13
-4
-23
9
29
-15
7
3
30
28
5
30
-13
1
15
1
-5
-5
4
-2
-5
7
7
21
10
-6
-11
17
-15
-6
-14
-14
-27
-1
-5
-24
-4
-18
-13
4
73
26
43
-12
13
-18
1
-19
14
-22
-8
-3
43
24
-4
-27
15
68
24
9
-12
21
4
22
-11
6
3
16
-13
38
26
41
-1
33
13
13
-28
-17
5
-21
-13
-12
8
-5
-26
8
6
-7
16
44
40
3
-14
-18
9
-13
-37
-20
11
-10
16
9
5
-9
61
9
-19
0
2
18
-2
0
-2
18
12
0
27
24
-25
0
0
0
0
0
0
0
0
0
0
0
0
0
0
0
0
0
-7
33
23
11
19
53
32
23
-6
9
2
3
28
45
60
48
14
-2
1
-25
19
11
-13
-12
-2
-6
1
-16
13
47
-54
13
0
9
13
18
11
23
13
24
-10
-6
9
-7
3
28
26
50
18
-2
-7
4
12
13
13
25
3
2
-10
-15
19
25
49
34
43
16
25
-14
43
16
31
2
0
-9
7
-13
68
2
25
46
3
51
20
11
16
41
17
20
-4
19
-1
-3
25
25
37
33
-5
20
10
10
3
15
13
8
-8
0
4
1
4
-4
13
11
12
34
24
-7
7
26
18
4
-8
4
12
-12
-25
13
14
3
41
-3
-22
0
37
3
-2
0
3
-11
-10
0
54
31
34
0
0
0
0
0
0
0
0
0
0
0
0
0
0
0
0
0
14
44
13
7
2
22
19
0
6
42
21
8
0
0
0
0
25
-19
-7
-11
17
-11
0
-11
15
-5
-4
-20
0
0
0
0
-5
-2
5
4
-16
-1
18
17
0
12
21
9
0
0
0
0
7
15
6
8
11
-6
-12
-7
-1
4
-14
-5
0
0
0
0
2
29
-9
-22
32
12
-4
-26
29
-7
18
-25
0
0
0
0
7
19
11
18
-6
39
25
22
6
45
9
9
0
0
0
0
-16
8
6
16
-39
-4
2
-3
-38
-11
5
-13
0
0
0
0
-3
5
0
-26
-4
1
12
-33
-18
-9
26
-29
0
0
0
0
2
-21
-18
0
24
7
-22
0
21
5
-6
0
0
0
0
0
0
0
0
0
0
0
0
0
0
0
0
0
0
0
0
0
0
0
0
0
0
0
0
0
0
0
0
0
0
0
0
0
0
0
0
0
0
0
0
0
0
0
0
0
0
0
0
0
0
0
0
0
0
0
0
0
0
0
0
0
0
0
0
0
0
0
0
0
0
0
0
0
0
0
0
0
0
0
0
0
0
0
0
0
0
0
0
0
0
0
0
0
0
0
0
0
0
0
0
0
0
0
0
0
0
0
0
0
0
0
0
0
0
0
0
0
0
0
0
0
0
0
0
0
0
0
0
0
0
0
0
0
0
0
0
0
0
0
0
0
0
0
0
0
0
0
0
0
0
0
0
0
0
0
0
0
0
0
0
0
0
0
0
0
0
0
0
0
0
0
0
0
0
0
0
0
