0
-1
0
1
-18
-9
-22
-3
-2
-2
0
1
-5
-4
-5
3
-6
-5
2
3
4
2
7
4
-3
-5
3
1
1
0
3
7
0
0
0
0
0
0
0
0
0
0
0
0
0
0
0
0
0
0
0
0
0
0
0
0
0
0
0
0
0
0
0
0
3
-4
0
0
-6
-5
-13
3
1
0
2
-2
-5
-3
-2
5
-3
2
1
-2
-4
1
3
-5
-3
-5
4
1
3
4
6
4
0
0
0
0
0
0
0
0
0
0
0
0
0
0
0
0
0
0
0
0
0
0
0
0
0
0
0
0
0
0
0
0
-3
-4
3
0
4
5
5
2
-7
-2
4
-1
9
8
19
4
2
0
0
-1
-8
-4
-8
-1
-6
-6
4
3
5
3
12
7
0
0
0
0
0
0
0
0
0
0
0
0
0
0
0
0
0
0
0
0
0
0
0
0
0
0
0
0
0
0
0
0
-2
-2
3
1
1
1
7
5
-2
-4
2
0
2
1
1
5
-5
-3
2
1
8
5
13
5
-4
0
4
-2
-4
2
6
1
0
0
0
0
0
0
0
0
0
0
0
0
0
0
0
0
0
0
0
0
0
0
0
0
0
0
0
0
0
0
0
0
-3
0
1
0
-5
-2
0
1
-6
-2
2
-1
2
3
8
1
-5
-1
4
-1
-1
3
6
2
-5
-5
5
1
5
3
11
7
0
0
0
0
0
0
0
0
0
0
0
0
0
0
0
0
0
0
0
0
0
0
0
0
0
0
0
0
0
0
0
0
-4
-2
5
0
5
5
16
7
0
-2
1
1
-1
-1
0
1
1
-4
0
3
-1
-1
-7
0
-3
-4
4
1
0
1
4
4
0
0
0
0
0
0
0
0
0
0
0
0
0
0
0
0
0
0
0
0
0
0
0
0
0
0
0
0
0
0
0
0
-4
-4
5
3
13
7
23
10
-2
-4
0
2
-1
-3
-4
3
-1
-2
-1
1
-3
-4
-4
0
-4
-3
4
-1
3
3
10
7
0
0
0
0
0
0
0
0
0
0
0
0
0
0
0
0
0
0
0
0
0
0
0
0
0
0
0
0
0
0
0
0
-3
-3
3
3
7
5
11
6
-5
-3
3
1
11
8
18
4
0
-3
-1
3
-1
-1
-5
1
-8
1
2
0
9
7
25
2
0
0
0
0
0
0
0
0
0
0
0
0
0
0
0
0
0
0
0
0
0
0
0
0
0
0
0
0
0
0
0
0
-4
-4
3
0
2
4
3
-1
-3
-5
3
2
-1
0
1
6
-3
-7
2
5
3
0
0
6
0
0
0
0
0
0
0
0
0
0
0
0
0
0
0
0
0
0
0
0
0
0
0
0
0
0
0
0
0
0
0
0
0
0
0
0
0
0
0
0
0
0
0
0
0
0
0
0
0
0
0
0
0
0
0
0
0
0
0
0
0
0
0
0
0
0
0
0
0
0
0
0
0
0
0
0
0
0
0
0
0
0
0
0
0
0
0
0
0
0
0
0
0
0
0
0
0
0
0
0
0
0
0
0
