14
-40
7
14
25
25
10
56
5
-18
-10
1
-9
36
110
31
19
-46
-30
61
24
-10
2
47
-13
-25
-47
38
-49
44
44
14
-6
68
-26
13
8
3
-12
-104
21
56
-52
20
-11
1
-5
-14
-4
70
-19
45
-22
18
-47
4
-37
30
-59
34
-14
31
-33
-12
16
13
2
-25
-49
26
36
16
24
-2
-42
47
-19
17
-5
7
-18
-28
13
-21
-10
50
2
10
7
-10
-34
4
26
-7
22
63
-38
-25
-39
-2
45
16
-29
-22
0
-13
-66
0
-29
14
50
-27
16
47
27
-24
-20
8
-11
-54
-51
7
-1
40
-20
51
-17
-36
8
-8
-17
10
-17
57
-8
-20
18
-18
3
5
-25
39
18
7
22
-10
-21
7
24
-40
13
12
-16
35
59
77
15
-9
-16
17
-61
0
21
2
18
58
-40
-32
-16
65
-16
9
-38
40
-10
12
-1
-12
-7
2
-12
-2
8
-52
-24
26
-9
68
-60
29
-79
-44
23
1
-9
-17
22
1
9
46
30
10
-40
-1
-16
-31
37
2
55
-20
-59
32
-4
-13
80
49
37
-52
-50
62
-9
53
-47
41
10
-16
-20
29
-48
27
-6
-40
-25
33
-50
-7
30
41
-23
7
-2
35
-21
8
-9
37
-24
22
-3
64
-29
-15
-31
38
-1
-63
17
-8
-49
30
7
60
20
87
18
-39
4
-5
7
23
15
52
-27
-7
14
39
10
48
-34
44
19
0
24
71
-23
5
15
52
35
69
-35
6
-30
5
1
-36
-26
66
-8
11
-21
12
-43
-9
-12
85
-33
11
-31
35
8
-34
-40
20
-30
59
-52
32
-26
-15
2
-38
-51
56
-6
33
-24
38
36
-17
13
22
7
33
40
-10
48
17
18
49
13
-31
15
16
18
-45
14
13
29
7
35
42
-7
6
-25
31
-66
41
6
-27
-13
-28
16
26
-22
3
-33
-34
-28
-31
35
15
32
32
-52
-48
-27
30
-21
47
-40
32
0
-37
12
-56
-2
54
41
-7
7
34
18
-43
-22
-4
0
38
45
37
9
17
2
22
-18
11
20
11
63
-12
-15
21
4
-14
24
64
7
-27
-9
40
-56
65
-42
-23
-7
44
-42
15
21
11
-43
5
12
20
-6
7
5
-17
-76
-21
-33
35
-61
-1
-18
42
-28
-15
42
-72
-25
-10
-1
15
-23
56
35
-20
0
15
-6
4
1
50
16
33
-61
13
3
-9
-6
35
22
-39
3
11
27
41
-39
1
17
9
-7
28
-25
67
-2
-31
-5
25
6
9
-19
48
-22
14
12
8
7
23
15
27
-6
-21
50
65
2
8
-77
3
-32
11
54
-16
-11
23
-15
66
26
58
-2
-8
-21
19
9
13
25
69
-25
2
10
8
10
-9
-27
-10
0
0
0
0
0
0
0
0
-65
31
24
23
1
38
-10
-22
-15
42
-40
49
-30
40
-9
-42
-19
31
-23
70
-10
30
-48
-10
0
0
0
0
0
0
0
0
0
0
0
0
0
0
0
0
0
0
0
0
0
0
0
0
0
0
0
0
0
0
0
0
0
0
0
0
0
0
0
0
0
0
0
0
0
0
0
0
0
0
0
0
0
0
0
0
0
0
0
0
0
0
0
0
0
0
0
0
0
0
0
0
