11
10
12
18
16
-8
-2
6
3
-11
-10
2
8
-11
-23
5
10
19
20
16
24
6
25
0
19
-3
21
6
13
-3
21
9
37
-11
17
12
2
-19
21
40
8
-28
19
24
11
-21
15
23
4
13
16
25
-7
-5
-6
17
-4
-13
-18
15
-20
1
-18
1
31
24
23
5
11
27
12
8
7
29
6
-5
6
7
3
-7
22
16
22
15
-1
16
39
0
-8
16
34
0
-19
3
16
2
36
11
2
13
10
28
23
0
31
20
11
6
29
23
24
-6
24
26
21
26
9
16
9
8
21
20
-10
3
6
8
-1
13
2
22
-6
0
-11
-8
0
0
-22
-13
-14
0
-35
-15
0
0
0
0
0
0
0
0
0
0
0
0
0
0
0
0
0
0
9
5
18
18
-3
-14
-20
-4
6
6
-9
6
3
-22
0
3
6
32
14
-23
13
-17
18
12
-16
23
0
-22
24
-7
25
-14
-13
11
4
-10
2
-19
5
9
-30
23
-5
-20
2
-44
22
39
3
28
26
28
-9
-6
-11
-5
-17
11
0
8
3
5
-33
25
24
3
14
39
-6
12
-16
-16
7
-31
21
21
-4
35
-3
16
9
-4
-2
7
-23
7
22
2
-21
-17
-25
-2
4
10
22
1
5
9
-6
20
19
15
22
-2
-9
0
-10
8
27
21
15
-2
14
10
12
5
4
0
-6
-9
-19
-7
-4
1
47
32
-17
3
18
25
11
0
-18
-18
-18
0
-5
6
18
0
-28
-12
8
0
0
0
0
0
0
0
0
0
0
0
0
0
0
0
0
0
15
1
-1
11
-2
-11
-26
-2
-9
-9
-17
-17
18
-3
-23
3
-7
23
15
-24
0
-4
5
-6
1
-36
-3
28
-8
-2
32
9
-23
16
0
1
-17
-6
2
-5
26
-27
3
21
7
-3
8
28
-17
33
6
14
-19
-4
-21
-6
-1
-26
-31
-21
-29
23
-17
2
7
-24
16
33
-6
-12
-3
-3
-22
12
-15
-43
-4
-19
16
-4
-10
-14
-18
7
-33
-10
-7
-6
-5
12
16
-2
-24
1
4
17
-15
10
11
-1
13
9
6
-1
9
-4
13
-20
-2
17
40
-19
-12
-2
18
6
-5
-5
-20
-4
0
1
-10
-3
-21
3
29
12
-1
13
33
0
-29
-19
-1
0
-24
-25
-16
0
-26
-2
26
0
0
0
0
0
0
0
0
0
0
0
0
0
0
0
0
0
-12
-15
-31
-22
-10
-20
-39
-29
-9
-16
-28
-6
1
-7
-8
3
-7
-35
4
9
-7
-54
6
24
4
-10
4
-7
0
-15
31
22
-11
-21
0
8
3
-29
-1
26
-19
-15
2
-9
30
-20
4
9
-10
-34
-48
-13
-15
-32
-56
-31
-15
-13
-28
-5
-4
27
-3
4
-32
-1
-8
-35
-46
-4
-22
-52
-9
-4
-11
-7
-4
6
-9
-13
-36
7
13
-5
-37
9
15
-3
-36
-8
-2
-9
-5
9
10
25
3
-3
7
-10
-6
-1
29
-31
23
9
1
3
24
5
28
-7
-8
-1
-30
-24
-18
-9
-19
-22
6
-2
-35
-11
14
12
21
2
-32
-35
-16
0
-40
-45
-11
0
-33
-25
-12
0
-11
8
-1
0
0
0
0
0
0
0
0
0
0
0
0
0
0
0
0
0
13
1
10
13
-8
-21
-25
-16
18
2
-9
16
11
1
1
20
23
22
11
-5
-5
-24
10
-17
12
14
29
17
15
24
18
0
5
-11
20
24
-41
-7
-8
-2
28
-11
18
25
15
-7
15
6
2
-9
6
23
-14
-4
-31
-10
-17
17
4
14
-8
20
13
19
26
30
20
17
-34
-15
-21
-3
24
10
20
1
30
12
14
18
14
13
30
-5
-42
-9
-5
-4
-2
10
21
13
5
1
9
6
19
22
-1
13
-18
3
16
-10
30
24
26
-1
34
20
6
12
18
19
2
17
-12
-13
-22
-33
4
16
26
27
19
16
11
24
-1
2
-5
0
-19
-27
3
0
-19
7
5
0
-10
13
3
0
0
0
0
0
0
0
0
0
0
0
0
0
0
0
0
0
23
0
5
31
5
0
-10
4
1
7
-11
2
-1
-4
-4
4
17
44
39
-21
-8
5
6
-1
-9
6
3
11
14
9
10
-7
-2
-5
22
14
4
0
2
3
8
6
1
-12
-17
-4
7
-7
-15
42
14
43
-13
13
-10
0
-10
-5
0
1
-1
-13
4
13
39
9
31
49
1
-15
9
3
10
-9
15
-11
12
16
3
7
0
-1
9
13
-8
-7
-14
4
-12
1
-1
4
-14
6
22
-5
33
33
14
19
6
3
6
-7
16
-1
-6
7
16
13
-5
20
25
27
19
27
-4
2
5
12
-9
1
0
6
8
4
-14
-10
-11
23
23
0
-17
1
16
0
-8
2
-8
0
0
-6
-21
0
0
0
0
0
0
0
0
0
0
0
0
0
0
0
0
0
11
-9
2
18
10
3
-5
8
8
-11
-26
-5
9
-5
3
6
15
16
39
-8
-2
17
6
-8
-6
-5
9
-9
17
8
23
-1
15
-30
24
23
-5
5
6
5
-13
-13
9
24
6
-22
21
29
-4
26
-12
40
-13
8
-2
9
-24
-5
-43
-1
2
-9
-12
27
20
26
19
25
11
-10
19
13
-14
-15
14
-2
12
32
19
7
3
10
18
16
-5
-5
-5
0
-26
-6
-6
-5
4
19
36
3
45
23
13
12
3
9
2
1
0
12
15
-16
22
19
6
10
45
39
3
18
-6
3
5
13
-9
4
-13
6
23
26
-2
6
-23
12
10
0
-11
3
14
0
-41
-23
22
0
-10
-3
-7
0
0
0
0
0
0
0
0
0
0
0
0
0
0
0
0
0
-2
-12
-22
-4
12
7
-3
14
8
-4
-20
6
8
-16
-24
9
11
-12
14
11
7
30
8
-7
8
11
1
-2
5
14
16
-27
5
-25
12
13
-5
7
13
1
-5
-2
9
9
-23
-14
12
10
-10
-20
-26
2
-12
-3
8
18
-22
-6
-10
-5
-27
16
-31
12
-2
16
0
-18
29
3
29
16
12
-7
9
2
3
-13
10
26
-22
10
25
-3
-6
1
11
-4
-18
-8
0
-11
-29
-18
-16
-6
29
14
10
2
19
17
-7
17
15
18
7
-3
23
22
10
-1
10
10
-19
-3
-1
8
1
17
-9
-4
-8
17
12
9
-21
12
-29
-22
-19
0
-7
5
-1
0
-28
-15
4
0
-45
-14
25
0
0
0
0
0
0
0
0
0
0
0
0
0
0
0
0
0
22
10
16
27
4
-10
-1
14
2
-6
-2
6
0
0
0
0
16
39
19
-3
16
6
39
3
5
-5
24
11
0
0
0
0
24
-4
22
22
17
-28
18
10
27
-25
12
14
0
0
0
0
-4
24
21
32
0
21
-3
31
1
16
-11
15
0
0
0
0
42
18
33
31
16
28
5
12
4
16
3
-3
0
0
0
0
26
6
13
8
-4
13
24
18
5
10
11
16
0
0
0
0
29
22
4
12
48
19
14
16
32
7
12
0
0
0
0
0
22
26
26
40
40
30
3
6
28
23
6
10
0
0
0
0
-1
25
15
0
-14
10
-8
0
-16
7
0
0
0
0
0
0
0
0
0
0
0
0
0
0
0
0
0
0
0
0
0
0
0
0
0
0
0
0
0
0
0
0
0
0
0
0
0
0
0
0
0
0
0
0
0
0
0
0
0
0
0
0
0
0
0
0
0
0
0
0
0
0
0
0
0
0
0
0
0
0
0
0
0
0
0
0
0
0
0
0
0
0
0
0
0
0
0
0
0
0
0
0
0
0
0
0
0
0
0
0
0
0
0
0
0
0
0
0
0
0
0
0
0
0
0
0
0
0
0
0
0
0
0
0
0
0
0
0
0
0
0
0
0
0
0
0
0
0
0
0
0
0
0
0
0
0
0
0
0
0
0
0
0
0
0
0
0
0
0
0
0
0
0
0
0
0
0
0
0
0
0
0
0
0
0
0
0
0
0
0
0
0
