-8
-17
16
17
28
10
22
6
-11
-16
11
7
22
12
18
4
1
-11
2
4
7
1
3
1
8
-2
-7
-13
-20
-14
-14
-3
0
0
0
0
0
0
0
0
0
0
0
0
0
0
0
0
0
0
0
0
0
0
0
0
0
0
0
0
0
0
0
0
0
-1
0
1
-18
-9
-22
-3
-2
-2
0
1
-5
-4
-5
3
-6
-5
2
3
4
2
7
4
-3
-5
3
1
1
0
3
7
0
0
0
0
0
0
0
0
0
0
0
0
0
0
0
0
0
0
0
0
0
0
0
0
0
0
0
0
0
0
0
0
-3
-9
11
8
12
1
14
3
-2
-26
21
17
34
-8
22
6
4
-7
1
2
-4
-3
2
1
-5
-12
17
13
32
6
20
1
0
0
0
0
0
0
0
0
0
0
0
0
0
0
0
0
0
0
0
0
0
0
0
0
0
0
0
0
0
0
0
0
3
-4
0
0
-6
-5
-13
3
1
0
2
-2
-5
-3
-2
5
-3
2
1
-2
-4
1
3
-5
-3
-5
4
1
3
4
6
4
0
0
0
0
0
0
0
0
0
0
0
0
0
0
0
0
0
0
0
0
0
0
0
0
0
0
0
0
0
0
0
0
11
2
-5
-11
-22
-19
-10
-3
-8
-21
21
21
42
-2
24
7
-1
-17
14
11
22
-3
14
3
8
-20
6
-2
2
-11
6
1
0
0
0
0
0
0
0
0
0
0
0
0
0
0
0
0
0
0
0
0
0
0
0
0
0
0
0
0
0
0
0
0
-3
-4
3
0
4
5
5
2
-7
-2
4
-1
9
8
19
4
2
0
0
-1
-8
-4
-8
-1
-6
-6
4
3
5
3
12
7
0
0
0
0
0
0
0
0
0
0
0
0
0
0
0
0
0
0
0
0
0
0
0
0
0
0
0
0
0
0
0
0
-2
-9
-1
-4
-2
-2
3
2
4
-14
7
1
2
-12
7
2
0
-15
10
4
11
-6
13
2
4
-17
4
4
8
-6
8
2
0
0
0
0
0
0
0
0
0
0
0
0
0
0
0
0
0
0
0
0
0
0
0
0
0
0
0
0
0
0
0
0
-2
-2
3
1
1
1
7
5
-2
-4
2
0
2
1
1
5
-5
-3
2
1
8
5
13
5
-4
0
4
-2
-4
2
6
1
0
0
0
0
0
0
0
0
0
0
0
0
0
0
0
0
0
0
0
0
0
0
0
0
0
0
0
0
0
0
0
0
-1
-6
9
1
7
-1
9
0
-4
-10
9
10
17
7
14
3
-7
-23
20
18
38
4
23
6
7
-14
4
-4
2
-14
4
-1
0
0
0
0
0
0
0
0
0
0
0
0
0
0
0
0
0
0
0
0
0
0
0
0
0
0
0
0
0
0
0
0
-3
0
1
0
-5
-2
0
1
-6
-2
2
-1
2
3
8
1
-5
-1
4
-1
-1
3
6
2
-5
-5
5
1
5
3
11
7
0
0
0
0
0
0
0
0
0
0
0
0
0
0
0
0
0
0
0
0
0
0
0
0
0
0
0
0
0
0
0
0
3
-25
17
13
26
-13
17
4
10
-8
-6
-9
-16
-14
-7
-2
4
-1
-3
-7
-8
-4
0
-3
5
-13
6
0
8
-6
9
-1
0
0
0
0
0
0
0
0
0
0
0
0
0
0
0
0
0
0
0
0
0
0
0
0
0
0
0
0
0
0
0
0
-4
-2
5
0
5
5
16
7
0
-2
1
1
-1
-1
0
1
1
-4
0
3
-1
-1
-7
0
-3
-4
4
1
0
1
4
4
0
0
0
0
0
0
0
0
0
0
0
0
0
0
0
0
0
0
0
0
0
0
0
0
0
0
0
0
0
0
0
0
7
-6
-4
-9
-17
-10
-4
-1
-3
-8
9
6
9
-2
8
3
-3
-15
6
7
12
6
12
4
-4
-16
10
5
9
-2
13
5
0
0
0
0
0
0
0
0
0
0
0
0
0
0
0
0
0
0
0
0
0
0
0
0
0
0
0
0
0
0
0
0
-4
-4
5
3
13
7
23
10
-2
-4
0
2
-1
-3
-4
3
-1
-2
-1
1
-3
-4
-4
0
-4
-3
4
-1
3
3
10
7
0
0
0
0
0
0
0
0
0
0
0
0
0
0
0
0
0
0
0
0
0
0
0
0
0
0
0
0
0
0
0
0
-7
-23
18
23
33
9
28
8
-3
-6
1
-1
2
3
5
1
-2
-20
13
5
24
-2
16
2
-13
-33
32
32
61
6
41
11
0
0
0
0
0
0
0
0
0
0
0
0
0
0
0
0
0
0
0
0
0
0
0
0
0
0
0
0
0
0
0
0
-3
-3
3
3
7
5
11
6
-5
-3
3
1
11
8
18
4
0
-3
-1
3
-1
-1
-5
1
-8
1
2
0
9
7
25
2
0
0
0
0
0
0
0
0
0
0
0
0
0
0
0
0
0
0
0
0
0
0
0
0
0
0
0
0
0
0
0
0
2
3
-3
-7
-6
1
-3
-3
10
-3
-7
-19
-27
-12
-11
-4
-1
-17
9
4
12
-2
11
3
0
0
0
0
0
0
0
0
0
0
0
0
0
0
0
0
0
0
0
0
0
0
0
0
0
0
0
0
0
0
0
0
0
0
0
0
0
0
0
0
-4
-4
3
0
2
4
3
-1
-3
-5
3
2
-1
0
1
6
-3
-7
2
5
3
0
0
6
0
0
0
0
0
0
0
0
0
0
0
0
0
0
0
0
0
0
0
0
0
0
0
0
0
0
0
0
0
0
0
0
0
0
0
0
0
0
0
0
0
0
0
0
0
0
0
0
0
0
0
0
0
0
0
0
0
0
0
0
0
0
0
0
0
0
0
0
0
0
0
0
0
0
0
0
0
0
0
0
0
0
0
0
0
0
0
0
0
0
0
0
0
0
0
0
0
0
0
0
0
0
0
0
0
0
0
0
0
0
0
0
0
0
0
0
0
0
0
0
0
0
0
0
0
0
0
0
0
0
0
0
0
0
0
0
0
0
0
0
0
0
0
0
0
0
0
0
0
0
0
0
0
0
0
0
0
0
0
0
0
0
0
0
0
0
0
0
