14
-8
-2
23
-14
23
-31
24
-24
-53
15
20
5
-42
-60
62
-8
-33
3
15
5
-53
-9
29
-1
-5
21
8
-30
-14
-13
20
-6
-16
-32
16
-39
12
18
-27
43
-9
-22
-25
-3
17
31
-40
43
-12
-20
22
-15
4
28
-58
6
-21
-13
16
6
7
24
-71
7
-2
-2
22
-55
17
-45
7
10
-4
-52
-1
-58
-39
-57
-8
-22
18
24
7
7
-27
17
56
-6
-30
47
29
6
-11
-14
0
-4
50
-7
-8
-11
25
8
3
11
1
0
19
0
-9
47
-56
-17
9
6
22
24
46
-13
13
61
17
6
-19
-32
2
-19
-71
-45
6
-11
28
-42
-18
1
1
-29
-24
-21
-28
4
-37
0
7
45
-6
4
-4
-50
-11
15
27
0
-34
-13
27
-13
-44
19
37
-22
23
19
-27
11
52
-12
0
3
-1
3
35
23
9
9
-43
15
-53
5
8
-10
-26
-1
-28
-27
-38
26
-19
-3
62
8
-41
-9
-19
49
3
-26
-36
-7
12
22
-61
30
-33
-54
-13
-38
13
-24
-58
-8
18
-7
-39
-53
-12
8
-24
-8
-16
-42
-49
38
20
38
-37
23
39
0
11
5
-32
24
-59
37
9
4
0
6
-43
19
8
1
53
19
-5
14
-56
-31
-5
27
6
-45
15
23
-53
-21
-46
-41
9
-20
40
-54
8
-30
-24
37
13
-18
-44
-45
-1
-12
-24
-35
-36
-9
-19
-17
48
16
-20
-6
-3
-27
-2
-47
-11
42
-2
-46
-4
-2
2
18
-20
21
23
46
1
17
20
8
-26
-16
-29
-23
5
-12
26
31
-55
-10
9
-30
15
-8
7
20
-45
-50
-2
-24
30
-8
-42
-67
-15
-12
16
35
24
-36
-45
18
69
37
-22
-6
16
-24
-24
38
5
-16
-18
-4
40
-49
-48
-64
22
-2
34
-20
0
-15
51
16
-58
-21
-15
8
4
2
21
-18
-18
-17
-25
-12
46
0
18
14
-8
32
23
-24
35
6
2
44
-22
-8
-36
29
13
-51
-10
-89
-52
-19
2
-6
4
18
1
-11
-12
1
-13
-7
41
-34
-29
8
68
-15
-43
43
-16
-32
-17
2
13
22
14
-4
14
-47
35
-1
-76
-5
-9
-9
2
11
27
-8
-9
19
-36
15
1
17
38
-30
-38
52
-9
-21
5
-25
21
16
-36
-15
-24
2
5
-29
-10
-31
-12
-9
-22
-19
12
-30
-13
-29
6
-6
-54
-27
23
-15
8
-19
54
-31
-12
-39
7
-67
-66
-118
17
32
-22
-13
42
-3
0
29
-59
10
-7
-41
30
15
24
21
-15
1
-19
-29
17
38
0
11
-37
11
14
4
18
22
29
-22
-71
-24
-14
19
10
2
0
14
3
-18
-44
-5
14
-14
-23
-46
21
35
-25
-8
-8
-33
-28
-30
8
0
0
0
0
0
0
0
0
-4
-3
-43
-13
-16
20
1
-25
13
23
-3
31
-48
19
31
-76
-1
-7
8
12
-44
11
-1
-51
0
0
0
0
0
0
0
0
0
0
0
0
0
0
0
0
0
0
0
0
0
0
0
0
0
0
0
0
0
0
0
0
0
0
0
0
0
0
0
0
0
0
0
0
0
0
0
0
0
0
0
0
0
0
0
0
0
0
0
0
0
0
0
0
0
0
0
0
0
0
0
0
