-10
-2
-37
-26
2
34
0
-11
-19
-4
-33
3
-14
14
-2
25
-3
27
-45
-20
-47
0
-11
28
-23
24
-55
-10
-14
24
-11
-13
34
-36
-40
34
-5
5
-66
-12
-15
-28
-20
37
-10
8
-24
-10
18
-66
-1
52
14
15
-40
13
27
-17
8
10
-24
-5
-28
44
16
13
-34
-24
-6
-11
13
-24
-23
42
-93
-5
0
56
-24
3
-1
6
-4
-18
-28
39
24
-34
-19
-54
10
-1
-32
-32
35
1
25
4
51
5
11
-5
-19
36
1
-3
-6
15
-3
-15
-75
47
61
-11
28
75
-10
-42
-30
4
29
-52
-9
36
47
22
-52
30
-40
-44
-40
-17
-73
-31
0
-16
-28
15
-13
7
28
27
7
42
11
-4
-38
-12
-14
16
-6
-23
28
-39
-17
-59
-11
11
2
-37
-1
-40
-28
-3
-22
-10
-20
3
19
23
-25
37
13
5
-32
-32
11
-12
2
25
1
-5
-64
-10
51
-13
31
82
50
23
-34
2
14
12
-5
1
-45
-28
-1
27
-59
43
-23
-28
-24
33
-18
-28
-46
37
-62
-18
-27
6
28
32
11
35
-56
-4
-42
49
-14
-7
-7
-8
-14
15
22
33
-50
-32
8
-41
3
26
-18
-50
-40
20
-12
-7
-9
26
13
-21
-48
14
3
-8
-11
49
15
-24
-75
65
-28
25
-99
-6
-22
32
-7
-5
37
1
-37
-18
-56
-22
17
-10
-3
-6
-69
2
-12
66
-22
7
-7
71
-63
-20
4
52
-36
-10
7
-37
-16
10
3
5
-50
4
2
-33
-6
66
10
-23
-23
16
23
-42
-52
58
-26
8
-64
-10
44
3
2
9
10
33
-24
11
-13
7
-66
-33
-64
-18
-25
20
20
-22
-7
-9
-39
-2
27
6
43
-25
-18
-22
-35
2
57
-4
-22
-1
3
-7
-38
15
12
-5
21
-20
-12
37
38
28
-31
11
31
4
7
25
2
7
-8
-6
1
9
30
34
23
-19
-23
-13
-4
-54
25
56
-11
7
-61
-1
-14
8
-54
28
-41
-6
-15
-49
6
7
-34
-24
13
25
11
-36
-10
-23
29
-44
7
8
35
-40
6
36
-40
25
-19
18
4
14
0
-16
-16
11
-41
10
-42
25
-7
-5
-4
-3
-14
-24
-9
-27
17
-7
44
69
38
-35
-33
34
-11
-36
4
10
0
-18
-51
9
15
36
-38
2
-63
-17
-33
-31
12
6
-40
-4
-51
18
-21
-20
-48
-11
-33
-50
-35
29
28
5
-37
-8
-81
-22
-13
18
-34
-26
-25
-76
2
26
13
36
-63
-46
-44
-51
13
30
-57
9
-65
-28
20
-18
25
43
20
-13
-21
0
-25
-45
-44
81
-44
-18
-26
-3
-8
27
-18
-12
-36
-2
29
60
-40
30
-51
-9
-49
26
-9
17
-23
12
-13
-33
19
41
-44
-20
0
0
0
0
0
0
0
0
28
22
-8
41
22
13
-56
29
49
-53
16
35
33
13
-24
-19
11
1
17
51
23
21
-6
-18
0
0
0
0
0
0
0
0
0
0
0
0
0
0
0
0
0
0
0
0
0
0
0
0
0
0
0
0
0
0
0
0
0
0
0
0
0
0
0
0
0
0
0
0
0
0
0
0
0
0
0
0
0
0
0
0
0
0
0
0
0
0
0
0
0
0
0
0
0
0
0
0
