7
-23
-42
-33
0
6
11
51
13
-9
-82
-12
3
11
-2
50
-5
51
-18
-13
12
4
34
27
-10
7
-80
-28
-3
-30
12
39
-35
-42
-5
-27
74
24
41
57
-38
38
-31
4
23
-11
-12
31
-25
-49
-9
24
48
11
29
-1
-66
-20
-6
-13
21
-66
18
40
43
-15
-63
9
21
-36
24
31
26
10
-29
24
-9
-1
-20
54
-21
-1
-102
-51
9
-9
-11
2
26
29
-45
38
45
-8
-37
13
-20
-10
13
12
-4
-34
24
20
-42
-42
-28
-26
13
-21
2
-10
-4
-25
-31
36
-3
-56
-8
35
2
-27
-77
0
49
25
21
37
6
-27
-80
-9
20
3
-39
26
-28
-6
-64
-22
13
-49
-29
66
37
11
-11
-14
-19
-11
-7
31
93
-32
-93
13
-35
-49
-58
49
-24
58
-59
55
-76
-24
19
27
-19
-19
-47
-9
30
-28
-14
-3
27
-55
-48
-1
63
35
35
12
-62
-22
3
-28
25
23
50
39
23
-37
-61
-14
-5
-29
-27
45
10
13
-35
-56
-17
17
13
58
4
62
-44
-7
29
15
35
37
10
-2
-65
13
1
-3
5
38
15
27
-21
29
1
-13
3
20
-28
-7
-14
-10
40
28
15
-32
-55
-43
-65
25
45
-18
-23
-10
-34
-3
-21
7
22
0
22
62
13
31
-20
16
60
-1
-21
84
35
24
-82
11
13
2
-2
21
26
-8
-60
11
-10
-8
-35
72
74
-10
-69
34
4
-14
-7
48
-24
-19
1
54
-1
-36
24
34
-45
-38
-52
41
6
15
-8
29
-55
12
-34
-3
28
-30
-1
30
-68
-22
26
-21
29
-19
16
-6
26
-22
-77
0
16
-34
0
54
-5
7
-105
-35
19
-35
-12
13
52
-1
-4
6
-12
4
5
18
46
22
-22
-33
-9
-15
-42
60
-57
-5
-28
28
23
10
25
11
33
1
-38
-7
-37
-14
18
38
-1
-21
-21
-33
26
-15
21
34
-24
-8
-9
13
35
30
33
29
42
45
-53
17
46
5
1
16
-47
9
-53
-33
-2
-33
34
33
43
-28
-64
-19
4
-15
-2
4
6
-5
-44
-1
21
-19
-16
45
-32
5
-57
33
-4
-9
-5
-36
-39
-3
-35
40
20
-29
6
17
-41
-22
0
5
70
-46
12
22
-22
12
-38
-4
57
-18
16
30
18
-10
-35
30
-19
9
37
34
14
21
-1
19
-20
-1
28
14
10
-11
-26
-25
2
-12
-26
73
14
35
-105
42
-5
-21
-37
38
-16
-32
-25
19
74
10
62
-10
-51
-13
-9
10
10
-1
26
12
-25
7
-24
6
62
17
28
23
-46
-36
-17
37
33
-32
-38
-33
7
24
-25
-11
53
-59
-53
48
43
3
-93
1
16
16
-9
53
36
-18
-68
-1
-43
35
-11
12
0
0
0
0
0
0
0
0
1
7
-8
12
8
8
-17
49
-23
26
-25
3
17
-35
51
79
-27
6
4
-7
34
2
-2
1
0
0
0
0
0
0
0
0
0
0
0
0
0
0
0
0
0
0
0
0
0
0
0
0
0
0
0
0
0
0
0
0
0
0
0
0
0
0
0
0
0
0
0
0
0
0
0
0
0
0
0
0
0
0
0
0
0
0
0
0
0
0
0
0
0
0
0
0
0
0
0
0
