-15
50
3
-29
-5
8
-22
28
-22
25
39
4
-35
70
-57
36
11
34
20
-1
-50
31
-26
21
20
30
44
8
-30
17
-11
30
-23
-14
39
-7
-36
4
-60
-28
37
-11
59
1
-6
22
0
-7
-10
-39
8
35
-28
35
-49
4
-44
-29
26
3
-7
58
-13
-17
-34
-3
3
-20
-35
26
-35
-13
36
24
18
4
-29
-4
3
48
-14
-42
-43
11
34
16
27
0
-7
22
-10
-38
-13
-40
-4
-6
-12
3
15
-20
-13
-3
-39
-4
-33
-3
1
9
21
19
-60
-48
6
2
43
19
-5
1
-38
-17
0
-34
7
28
-16
70
-21
22
-9
-44
10
-1
-32
16
-23
40
2
-7
3
6
-36
27
-17
53
18
34
-1
25
1
13
1
12
2
19
-2
-12
-61
24
-8
22
-28
-50
4
-14
21
33
-39
24
8
-26
33
31
-51
49
-47
-22
-28
-6
15
11
-9
20
-24
-8
-40
-41
-8
8
-5
46
-31
50
7
14
17
14
-27
25
38
12
1
31
51
13
-10
0
0
22
3
42
49
-23
-45
-9
5
24
-18
6
20
-14
-59
27
9
62
4
-32
19
16
-1
90
0
2
-2
-24
3
-28
0
-14
-5
-7
56
7
1
19
30
73
-52
2
-49
-16
12
18
-8
-6
-79
-8
19
2
-19
-15
-77
63
-46
23
-49
-9
8
-34
-52
37
13
-8
35
-20
12
26
-15
58
-18
67
32
18
36
-21
-41
-24
3
31
17
-7
-17
38
-18
6
-64
-45
-28
-2
11
19
9
5
-43
67
-6
-58
24
-17
-26
39
-57
12
16
7
0
-19
1
50
-42
-12
-4
1
35
20
-34
9
0
42
12
-4
-16
24
-17
85
-32
16
-3
23
-7
-16
-45
20
-6
-12
-17
44
-16
-43
-24
23
-25
-10
-43
-31
-8
-32
7
53
-53
-46
6
-3
13
-13
-11
60
4
-36
-20
3
-12
27
-9
48
-44
36
-38
-16
4
9
9
19
-23
11
21
-23
39
-46
-14
17
1
21
-8
-32
13
-33
-25
49
-6
-4
7
8
11
-11
-3
22
-19
1
-8
1
44
-24
-28
17
1
-21
8
-31
7
-12
12
65
-65
6
-4
22
16
21
13
5
-60
27
9
-32
39
-1
41
8
6
41
38
-8
18
-6
-45
38
-39
-13
-18
-37
-28
-29
-13
49
30
23
11
-24
17
-28
-35
71
3
10
23
-16
1
29
-3
35
-30
14
20
-28
1
-43
-12
18
-8
39
-7
-11
-31
6
8
-3
-70
16
-7
-29
-30
6
-16
42
-58
31
22
-16
-12
20
-2
8
-15
-43
20
-46
34
22
13
47
-85
-28
21
0
-5
-3
-63
62
-20
26
14
7
-44
-20
-28
-11
-28
14
23
20
26
5
-14
-39
-15
34
0
0
0
0
0
0
0
0
-54
6
-12
25
-51
46
-52
-28
9
-22
-36
22
39
54
-20
0
-32
-44
11
-8
27
39
-25
5
0
0
0
0
0
0
0
0
0
0
0
0
0
0
0
0
0
0
0
0
0
0
0
0
0
0
0
0
0
0
0
0
0
0
0
0
0
0
0
0
0
0
0
0
0
0
0
0
0
0
0
0
0
0
0
0
0
0
0
0
0
0
0
0
0
0
0
0
0
0
0
0
