26
-3
16
-11
-8
-56
-24
21
-24
23
13
-3
-16
-12
-7
27
8
-3
-18
28
26
12
17
-18
30
23
-5
-16
-10
15
6
31
13
-29
-16
-22
-29
9
7
-13
82
-1
-26
11
-58
25
-8
-8
15
-71
17
16
-13
-43
1
-32
18
2
7
36
-24
-23
38
-35
7
-8
-15
-6
-15
4
-5
6
27
35
-92
17
15
-16
-24
7
44
22
-45
4
-78
-59
9
50
24
36
5
-52
15
-34
-14
-34
61
32
9
-8
-27
0
35
-14
14
-32
-13
41
-9
-12
-39
-32
39
16
31
-8
-1
-44
29
-22
-12
34
2
5
-24
61
-15
-24
-7
19
-33
-39
-13
-27
52
45
18
38
-61
-22
4
-16
-9
18
57
11
-17
6
32
-25
7
-20
47
20
-55
-16
34
-45
-30
25
23
36
-2
27
0
16
18
-54
37
-9
25
18
-44
19
1
14
-1
-33
-31
29
-44
9
-7
-22
-6
-51
-3
-24
-3
22
-32
-35
24
41
7
6
-55
-75
-16
19
27
-2
12
11
36
7
6
-31
38
46
-24
3
-27
-33
-37
-12
54
30
-16
8
-3
-33
-45
25
20
5
11
15
-65
10
16
3
22
-15
45
36
-6
-19
68
-30
25
4
25
48
-34
11
-35
-6
-16
-53
25
45
-19
-5
-16
-34
11
-10
-45
35
-39
-23
22
37
15
4
-46
-33
-14
-27
27
31
-30
2
-25
-7
-14
13
-1
15
29
25
-43
-7
9
-30
-71
7
62
22
8
2
-12
31
-13
-37
32
-27
-6
14
-22
-21
21
-46
28
-71
3
-10
19
-19
-38
-24
3
-6
31
-5
12
14
-30
12
-1
-9
8
9
-3
-46
-57
61
51
53
-41
10
-53
-77
20
30
76
23
-26
-35
6
-30
-32
-4
80
12
-26
-17
33
-32
-12
59
-16
-33
-11
-3
12
-10
-17
-27
58
-29
10
-18
-29
-22
20
14
-9
-35
-16
27
-5
20
-21
-12
22
-23
-1
-11
26
17
22
-50
43
19
-14
2
0
-82
-48
10
17
52
-22
-17
-62
-21
-12
37
67
24
0
13
-9
-26
40
16
28
5
12
-4
-31
-15
-1
-45
1
9
17
14
-5
32
-25
-12
57
36
-1
1
-63
-21
49
3
15
-36
7
22
-18
-4
31
-31
16
36
65
30
-20
16
30
26
33
7
15
24
-53
-12
1
28
27
24
-7
-12
-46
11
14
40
19
-1
17
28
-20
-9
9
41
26
52
-59
15
-40
-49
-9
35
35
7
49
68
-28
-44
15
-5
33
-48
38
40
-33
-18
23
-49
36
-29
38
4
8
0
20
-45
7
-33
3
-13
-12
12
-12
-31
24
20
-45
11
-58
-27
-18
0
19
-12
3
7
-48
-20
-1
29
-10
32
-20
-15
33
-16
-31
-25
0
0
0
0
0
0
0
0
46
-23
32
1
-42
46
52
-8
4
14
97
-19
0
-22
-3
-6
-29
-33
24
-28
-37
23
-48
2
0
0
0
0
0
0
0
0
0
0
0
0
0
0
0
0
0
0
0
0
0
0
0
0
0
0
0
0
0
0
0
0
0
0
0
0
0
0
0
0
0
0
0
0
0
0
0
0
0
0
0
0
0
0
0
0
0
0
0
0
0
0
0
0
0
0
0
0
0
0
0
0
