-17
-8
-2
-11
-9
-4
2
10
-24
-21
5
-16
-13
0
0
1
-12
-14
-9
-1
6
-8
-17
2
-21
-25
-10
-5
-6
-7
-14
-5
-10
-6
-9
-7
-19
4
7
-9
-20
-18
-7
-17
-29
-8
-3
-23
-4
0
-7
-13
-11
-3
9
-21
-14
-3
-16
-16
-8
-8
3
-19
-13
-5
-4
-11
-7
-8
-3
-4
-13
-23
-14
-25
-11
-16
-6
-15
-2
-10
-13
-12
-15
-12
0
-10
-20
-7
-13
-27
-32
-10
-8
-21
4
-13
-1
-10
2
-2
6
-7
-4
-17
-6
-15
-2
1
-4
-2
-6
-11
-7
0
2
-8
-6
-6
-7
-16
-3
-8
-2
-3
-10
-9
-18
-6
-8
0
-14
-5
-15
0
-18
-13
-17
0
-16
-7
-7
0
0
0
0
0
0
0
0
0
0
0
0
0
0
0
0
0
-2
-1
-2
6
-16
-8
5
-4
-4
-9
3
0
0
14
-11
2
0
-6
-18
-2
-2
-13
-5
-1
-7
-9
-14
-3
4
1
-12
3
-27
-5
-5
-11
-5
-4
6
-15
-24
-13
-8
-12
-1
2
0
-7
-15
-17
-1
-10
-5
5
-2
-18
-18
-18
-9
-1
6
-4
1
-15
-12
-3
-7
-5
0
-21
-6
-12
-10
-9
-10
-10
2
-3
2
4
-21
-15
-4
-10
-13
1
-2
-12
-23
-7
-5
-13
3
-10
-4
7
-3
-3
2
-3
-4
-3
-6
-4
-5
-7
-4
-1
-2
3
-4
-3
-4
-3
-19
-15
1
-10
6
-2
-8
-3
-20
-16
6
-2
-2
-1
-12
-4
-13
0
-5
-9
-8
0
-4
-7
-16
0
-8
2
9
0
0
0
0
0
0
0
0
0
0
0
0
0
0
0
0
0
-13
5
-11
-5
8
0
2
13
-20
0
3
-2
-23
-14
-8
-26
-1
-13
-19
-5
4
2
-9
3
-5
-6
-6
0
-19
-29
-11
-2
-25
-11
-7
-25
-11
3
10
2
-8
2
3
-15
-2
-16
-13
-9
-13
-15
-8
-25
-3
-4
8
-5
6
11
9
-23
-8
-1
-26
-18
-14
-16
-9
-13
6
-2
-1
3
-5
-14
1
-11
-13
-14
-11
-17
-29
-18
-10
-14
-4
-5
6
0
-10
-4
-8
-14
5
-12
-18
-11
-14
-2
-5
-2
3
3
5
-9
8
0
-2
-5
-7
-23
-7
-18
-6
-9
-16
-17
10
1
4
-2
3
-7
6
7
-9
-21
-4
-4
-17
-10
-3
0
-6
5
-5
0
-16
-5
-2
0
-20
-12
-8
0
0
0
0
0
0
0
0
0
0
0
0
0
0
0
0
0
1
6
5
17
-9
-5
-8
-7
8
4
5
17
-16
-7
0
-9
2
8
-11
4
-14
-16
-17
-9
10
5
-8
5
-13
-15
-9
-2
-14
7
8
-5
-42
-21
-10
-21
-4
6
18
-4
-12
-11
2
-16
5
0
17
-8
-18
-20
-12
-17
0
-1
11
-8
-3
1
-8
-20
4
-3
4
2
-16
-15
-15
-21
15
-12
0
5
-1
-23
-8
-16
-8
-4
1
-3
-38
-20
-11
-27
-7
3
11
4
-14
-5
-7
-16
13
7
1
-3
-13
-6
0
-13
0
10
-2
-3
-4
-6
-8
-14
10
5
0
4
-6
-7
-13
-21
14
3
9
-1
4
-10
8
-2
-7
6
-3
0
-26
-8
-8
0
5
3
-3
0
-15
-7
-3
0
0
0
0
0
0
0
0
0
0
0
0
0
0
0
0
0
-7
-4
-9
-3
-26
-11
-1
-12
-21
-27
0
-25
11
-4
-2
0
1
-18
-23
-1
-15
-23
-18
-6
-17
-33
-7
-4
2
-2
0
3
-21
-10
-4
-14
-30
-16
-10
-25
-5
-19
-9
-6
9
-2
4
10
-20
-18
-14
-20
-15
-8
-11
-25
-20
-3
-29
-11
-4
-4
-8
8
-10
-13
-12
-8
-20
-21
-12
-24
-12
-17
-16
-20
9
2
-3
6
-17
-19
-6
-8
-29
-15
-16
-28
-4
-6
-10
-17
12
2
6
10
-15
-10
-2
-10
-5
-13
-5
-10
-13
-25
-4
-18
-6
-3
0
-6
-4
-14
-15
-20
-9
-15
-14
-12
-12
-23
-2
-11
4
-1
5
-3
-14
-9
-12
0
-24
-14
-15
0
-12
-16
-18
0
7
2
0
0
0
0
0
0
0
0
0
0
0
0
0
0
0
0
0
0
-18
-9
-2
-17
-4
-15
6
1
-11
-2
-3
-8
-25
-13
-18
-31
-12
-16
-2
-3
-7
-10
-8
-1
-3
-9
0
-1
-19
-36
-18
-10
0
-10
-8
-9
-18
-5
-3
1
1
-2
2
-6
-26
-27
-23
-20
-4
3
-14
-10
-14
-7
-3
0
1
7
-2
-15
-24
-17
-33
-25
-9
-12
-6
-13
-9
-1
-7
-7
-1
-9
-2
-7
-29
-15
-19
-26
-2
-3
-11
-11
-9
-6
-2
-12
-2
-3
-4
-7
-21
-26
-22
-24
-4
-12
-7
-6
3
-10
6
-9
-4
-2
-1
-7
-23
-24
-3
-17
-7
-12
-1
-1
-4
-5
-8
-7
1
-8
10
2
-19
-24
-19
-22
-8
-9
-4
0
-9
-3
-19
0
-10
-5
2
0
-31
-19
-10
0
0
0
0
0
0
0
0
0
0
0
0
0
0
0
0
0
4
4
-6
1
1
4
9
22
-19
-8
-5
-12
28
11
-3
23
3
-3
-7
2
5
10
-14
2
-15
-19
-14
-6
11
17
-5
3
1
-1
4
-2
-27
7
4
-9
-27
-15
-9
-19
-13
4
11
7
-1
-4
-4
-7
-4
-8
21
-5
-11
-7
-10
-22
-1
-14
12
9
5
-5
-2
2
-5
0
2
0
-16
-16
-11
-21
15
7
2
13
2
-5
1
5
-22
-5
1
-9
-24
-16
-14
-24
-7
-3
14
10
-6
1
-3
-5
14
8
4
5
-7
-10
-1
-13
-2
15
6
-2
5
-3
3
-4
3
8
-15
-3
-6
-12
-7
-10
14
14
2
-7
-1
0
3
0
-6
3
-13
0
-26
-10
-8
0
5
13
5
0
0
0
0
0
0
0
0
0
0
0
0
0
0
0
0
0
9
1
11
23
-22
-14
-2
-10
-17
-16
-12
-21
-18
-11
-5
-17
7
9
-8
1
-19
-26
-23
-5
-19
-33
-22
-7
-15
-22
-13
-2
-23
1
17
-11
-39
-22
-6
-27
-32
-27
-16
-19
-10
-13
-10
-11
-7
-9
15
-3
-19
-14
-14
-29
-27
-22
-30
-21
-9
-4
-18
-16
11
-15
-3
-2
-15
-28
-17
-27
-20
-19
-21
-24
-12
-13
-10
-15
-29
4
13
-9
-36
-19
-14
-31
-26
-24
-16
-24
-4
-12
-14
-12
0
14
-1
1
-9
-13
-5
-20
-21
-21
-4
-20
-5
-17
-5
-14
12
9
3
-8
-3
-16
-9
-17
-12
-20
-17
-25
-7
-16
-7
-6
5
2
-8
0
-29
-13
-16
0
-27
-15
-15
0
-18
-9
-9
0
0
0
0
0
0
0
0
0
0
0
0
0
0
0
0
0
-6
-5
-15
-6
15
-7
1
4
-2
-4
3
-3
0
0
0
0
-12
-18
-23
-4
-7
-3
-13
3
-9
-3
-4
8
0
0
0
0
-36
-15
-10
-9
-9
-13
-2
3
15
1
2
8
0
0
0
0
-16
-18
-11
-21
-11
-21
-17
14
10
7
-5
1
0
0
0
0
-17
-4
-12
-14
9
-4
-9
2
10
-2
2
3
0
0
0
0
-19
-29
-12
-17
0
-2
3
7
25
3
-3
10
0
0
0
0
-9
-12
8
-23
-5
-8
-8
-9
12
-9
-7
-11
0
0
0
0
-3
-12
-11
-16
4
2
-10
-13
8
-4
8
12
0
0
0
0
-35
-4
-8
0
7
4
-9
0
0
5
0
0
0
0
0
0
0
0
0
0
0
0
0
0
0
0
0
0
0
0
0
0
0
0
0
0
0
0
0
0
0
0
0
0
0
0
0
0
0
0
0
0
0
0
0
0
0
0
0
0
0
0
0
0
0
0
0
0
0
0
0
0
0
0
0
0
0
0
0
0
0
0
0
0
0
0
0
0
0
0
0
0
0
0
0
0
0
0
0
0
0
0
0
0
0
0
0
0
0
0
0
0
0
0
0
0
0
0
0
0
0
0
0
0
0
0
0
0
0
0
0
0
0
0
0
0
0
0
0
0
0
0
0
0
0
0
0
0
0
0
0
0
0
0
0
0
0
0
0
0
0
0
0
0
0
0
0
0
0
0
0
0
0
0
0
0
0
0
0
0
0
0
0
0
0
0
0
0
0
0
0
0
