-1
51
46
20
10
9
-17
96
-37
54
-10
30
-21
22
8
17
-3
10
-9
5
-38
-61
-31
28
4
63
9
43
-56
-27
-22
71
38
-14
33
32
7
-13
-21
59
23
4
45
8
33
4
-14
-18
26
19
70
-10
3
21
16
-10
7
-12
44
-28
29
8
-28
-53
12
54
-15
40
1
3
-29
56
-41
67
-9
33
-38
-24
-11
91
-33
1
-29
16
25
-21
-13
72
-5
13
7
-4
-24
-3
-25
17
61
-24
33
-25
-5
-13
8
-8
32
-30
17
-44
-36
-48
-19
29
2
50
37
3
-35
-3
-4
22
31
13
50
8
-52
-14
25
1
-53
17
-25
-16
14
-4
-77
73
-18
39
-33
23
-36
-10
-27
69
0
23
2
53
-30
-14
-43
55
-7
4
13
-22
13
9
-25
97
6
-6
57
-63
0
1
-16
-2
20
-17
0
10
39
-8
20
24
28
7
61
-1
-55
-3
-12
27
13
4
39
-46
-20
-9
-14
3
-69
23
-25
13
-45
-5
-16
44
-40
-13
-50
16
-26
-15
-28
39
-23
50
-40
54
-69
-29
-6
76
-19
29
25
-27
19
-40
-20
95
-12
42
84
-11
5
27
-13
42
21
42
66
-10
19
-29
-24
-15
50
8
71
13
-36
-21
3
-13
-18
-22
27
3
1
-17
-6
42
-26
33
27
35
-23
-12
-56
68
-11
22
-9
-27
10
16
15
81
-31
28
-23
9
-28
-8
-12
45
-15
51
5
6
-11
4
-33
78
74
-68
42
15
-6
-4
13
36
-43
16
55
-14
-53
-34
-16
29
2
-6
30
-41
13
-16
-16
57
11
-2
-8
-46
6
-15
-5
-17
-46
2
1
-55
-6
22
-60
75
-31
23
-14
16
-11
-54
-48
60
9
32
11
38
1
-15
-34
73
-24
50
17
-10
0
14
-51
71
22
7
13
-13
-12
-14
-2
30
17
-1
45
-32
17
47
-25
-18
17
-7
37
-17
-27
15
1
8
0
-9
24
-2
15
-35
-9
27
-38
16
-22
-17
-78
-39
-11
36
-23
52
-13
60
-23
-12
-6
55
21
-9
-10
9
9
20
21
44
-21
56
-35
14
-3
-40
-10
27
62
-15
27
-29
-12
-15
5
29
40
-9
56
-2
-13
10
-10
-1
36
30
55
-9
-27
3
6
-40
65
15
59
-17
10
10
54
-23
-17
19
18
36
-38
3
-26
40
-28
46
4
22
-23
-24
0
62
-29
-21
-7
51
-5
10
-34
64
-53
4
-34
1
-46
-17
-23
48
27
-8
65
9
-8
-7
-1
72
-4
-28
71
-31
-7
7
-30
25
25
19
45
-1
-26
20
-9
5
49
15
20
-42
-7
-1
19
71
-19
59
6
10
9
-52
-65
75
-23
25
14
6
-26
2
-7
54
-52
20
-8
27
10
33
7
28
0
0
0
0
0
0
0
0
-32
-14
70
-47
-36
33
2
-36
-17
-5
44
-32
-9
5
2
31
-8
56
23
-42
46
-2
-26
33
0
0
0
0
0
0
0
0
0
0
0
0
0
0
0
0
0
0
0
0
0
0
0
0
0
0
0
0
0
0
0
0
0
0
0
0
0
0
0
0
0
0
0
0
0
0
0
0
0
0
0
0
0
0
0
0
0
0
0
0
0
0
0
0
0
0
0
0
0
0
0
0
