0 87 0 73 30 81 0 126 0 16 0 47 100 0 37 0
0 34 50 36 0 88 20 0 0 71 0 88 115 0 46 110
68 56 0 37 0 120 58 125 89 0 59 8 0 102 0 1
4 0 0 119 28 0 67 0 47 0 39 108 0 72 18 0
100 0 91 2 0 103 56 118 0 28 16 0 0 127 0 0
70 8 0 19 5 72 0 0 0 0 0 113 87 0 53 73
0 124 56 0 0 12 19 0 0 0 25 0 0 0 54 112
85 103 0 104 4 114 0 0 97 33 14 3 92 0 0 0
0 80 0 0 0 42 48 117 67 0 2 67 10 0 0 0
0 0 110 0 76 83 12 0 63 103 0 0 112 0 23 0
0 113 35 112 0 0 0 1 0 34 0 0 0 0 0 0
0 0 0 119 78 0 0 19 0 0 0 0 0 82 0 0
48 0 6 0 0 122 127 35 109 81 0 85 0 0 0 0
0 0 0 35 0 68 104 95 22 49 91 43 0 12 66 55
77 0 0 0 0 0 84 37 22 27 0 0 127 0 0 0
30 0 0 0 85 97 67 9 0 93 49 38 87 0 67 0
55 69 116 33 0 0 5 0 119 54 0 71 66 0 0 12
72 67 0 0 0 0 45 85 71 0 0 0 117 0 51 0
0 0 0 0 0 54 0 0 0 0 0 0 89 0 11 127
0 0 120 34 10 115 0 0 0 0 22 0 0 0 20 75
118 79 0 111 0 0 123 0 0 0 17 0 98 104 82 0
65 0 94 0 20 83 0 63 24 0 8 0 7 91 74 0
3 105 0 113 63 9 74 0 70 79 119 0 0 0 0 65
58 0 29 8 120 95 39 0 0 0 0 127 0 73 103 23
96 13 0 0 23 0 2 44 0 0 0 0 3 0 0 0
0 0 114 7 71 97 0 84 0 0 0 72 0 5 0 21
52 22 37 15 86 0 0 0 0 104 0 0 0 116 98 46
0 80 0 28 111 19 0 0 121 94 0 0 0 87 108 0
0 89 36 49 0 119 25 47 0 48 0 110 51 5 78 72
0 0 0 14 0 0 87 24 0 0 74 0 84 115 0 16
69 0 16 10 0 81 74 58 0 11 2 0 52 0 0 113
22 126 0 0 109 79 52 62 80 59 29 0 104 60 0 0
0 111 0 0 124 0 36 0 108 110 42 8 65 41 0 60
0 0 0 64 77 115 26 80 0 1 0 34 125 47 0 77
24 11 0 0 0 81 0 0 13 0 0 65 0 0 0 119
0 0 0 0 55 0 0 0 95 66 87 20 85 26 0 25
15 0 16 79 34 69 0 0 44 33 48 95 0 100 31 83
0 0 0 10 110 0 74 62 58 19 112 46 32 17 59 116
0 0 16 0 16 0 19 0 0 0 0 0 120 0 64 42
89 0 0 105 0 0 0 56 0 0 42 74 23 0 0 56
0 0 59 0 119 75 93 0 0 120 0 53 101 67 0 0
0 0 75 0 127 0 101 0 74 8 0 121 33 69 0 125
2 62 0 0 45 0 0 0 0 48 74 6 115 124 0 0
0 0 0 0 0 0 0 83 0 0 0 0 61 51 0 0
0 0 126 0 0 93 97 0 107 101 0 2 0 0 84 2
88 0 59 101 0 11 0 39 99 0 0 127 0 0 50 0
0 0 30 0 0 0 0 94 61 0 75 0 90 45 58 125
95 119 0 49 0 0 82 78 0 10 30 0 53 52 0 36
123 73 0 0 92 0 45 37 110 73 72 22 0 60 0 0
0 117 0 0 0 0 100 0 0 114 0 0 0 88 121 0
3 0 111 82 96 0 0 0 53 52 36 98 0 0 0 0
6 0 10 39 0 0 0 0 0 0 74 0 96 0 0 21
78 0 86 17 0 125 0 0 28 71 93 119 78 0 0 107
39 36 112 118 82 85 56 0 103 17 100 94 40 0 2 57
0 63 0 0 0 0 0 0 0 122 114 115 0 59 28 0
14 0 69 0 0 0 56 0 2 0 0 0 0 0 0 72
40 0 0 29 0 112 13 0 0 111 0 0 0 0 63 18
0 111 48 15 108 127 0 0 0 0 51 0 0 0 46 0
0 83 99 0 0 0 33 30 0 104 121 0 29 0 0 69
103 2 0 68 0 116 0 0 122 0 16 0 96 53 47 104
4 2 0 0 0 0 17 0 67 89 0 13 0 0 0 66
66 44 76 2 8 82 0 101 0 0 22 10 0 0 27 0
0 32 0 11 0 0 82 0 62 16 94 80 0 0 64 0
55 0 30 0 123 120 112 39 0 0 0 0 0 0 109 0
76 0 0 0 42 0 0 35 0 0 0 0 0 0 0 0
0 0 25 54 96 0 110 0 118 40 0 0 0 0 0 0
116 0 0 108 49 0 0 123 0 62 0 0 0 64 0 0
0 0 8 0 90 109 0 118 0 0 83 0 0 41 0 95
18 92 0 51 44 0 18 0 0 0 1 34 0 0 37 0
0 43 24 0 39 0 0 0 39 67 0 0 0 116 117 67
66 0 0 0 0 2 123 116 85 78 0 113 87 76 0 36
122 0 0 0 37 11 55 0 34 0 79 0 0 52 0 0
84 57 0 0 0 32 0 98 0 0 0 93 0 0 84 0
24 0 0 0 47 0 0 0 0 0 0 0 0 11 0 0
0 0 81 0 0 11 0 0 39 0 0 0 50 0 0 0
24 58 0 9 0 8 32 0 58 20 19 0 77 97 0 0
0 125 14 0 70 0 61 10 52 107 39 0 0 0 27 0
0 10 49 0 0 64 0 86 0 0 0 0 0 46 0 99
0 34 121 33 23 0 0 0 0 0 56 117 0 0 35 0
0 80 53 126 0 17 0 74 0 66 107 110 29 91 45 0
39 124 1 54 73 0 0 0 56 0 69 20 24 0 62 0
120 0 0 0 0 0 6 0 91 95 54 0 70 96 0 0
33 98 0 120 0 0 34 33 75 0 0 0 0 53 3 28
17 104 14 0 0 49 28 4 0 71 106 74 0 46 112 126
0 0 48 76 95 34 0 3 52 59 0 91 0 0 0 6
0 3 37 56 85 75 0 0 0 0 0 0 0 0 0 0
0 0 0 99 122 123 55 0 0 0 52 117 0 0 0 0
34 102 73 76 79 63 0 65 54 0 0 0 40 0 0 0
0 73 87 0 0 85 0 0 29 0 72 102 17 28 0 82
0 0 48 0 117 13 104 0 0 67 0 84 86 0 0 2
13 0 22 0 0 108 127 0 0 87 0 62 0 95 97 0
0 112 107 105 0 56 0 0 43 101 41 105 0 75 0 0
0 0 54 0 0 0 0 0 0 0 0 0 57 0 0 0
0 3 15 24 0 0 29 120 0 44 70 0 6 68 119 67
0 0 0 0 12 0 78 80 105 113 0 0 0 0 20 55
0 0 39 52 69 28 55 0 0 0 0 90 71 0 0 65
0 82 33 18 0 30 113 80 0 0 90 84 83 85 0 0
0 0 0 0 0 24 91 65 0 60 0 81 0 0 0 112
110 0 0 0 0 36 0 0 72 0 97 0 0 68 0 36
0 0 0 0 117 0 0 17 80 0 107 0 0 92 58 66
0 0 0 0 0 0 35 14 0 0 116 0 0 6 0 106
28 0 0 0 103 48 12 0 0 0 59 0 0 0 0 92
90 0 56 0 0 0 75 0 0 0 62 0 94 16 0 0
0 87 0 0 118 100 60 27 0 0 0 47 0 0 17 0
1 79 71 0 4 78 56 53 0 0 104 0 0 0 46 0
0 0 0 118 13 48 59 0 0 115 22 124 0 0 79 0
38 12 68 80 38 90 86 49 0 124 125 0 98 0 0 19
60 0 0 23 0 0 0 85 51 0 0 44 0 0 72 45
66 61 28 45 40 74 114 0 0 0 0 36 79 21 109 0
0 0 39 17 0 96 21 0 17 64 58 3 0 0 126 81
85 83 0 73 65 0 0 0 0 33 0 75 108 0 123 0
27 0 0 0 0 29 66 0 0 0 0 0 0 121 4 0
0 86 114 0 15 0 27 107 124 36 56 76 92 0 20 0
0 16 0 103 47 3 81 0 44 110 123 0 65 0 0 42
0 0 60 0 0 0 26 87 0 0 0 0 100 0 16 124
48 0 45 0 54 37 30 34 0 120 67 27 66 53 0 70
115 48 5 2 29 0 0 0 0 84 0 0 16 0 92 0
0 71 0 0 15 0 0 0 0 4 92 0 0 100 49 65
50 68 0 0 0 23 0 61 0 84 0 0 16 0 20 0
0 0 0 64 0 0 43 124 0 58 0 6 41 26 82 0
88 98 0 124 94 91 124 0 4 0 0 0 96 0 40 0
0 56 0 80 0 54 55 8 0 75 0 0 0 2 101 0
15 84 0 20 72 89 23 0 0 112 88 36 0 100 76 104
62 0 30 21 0 96 122 96 19 0 74 0 57 0 116 0
0 0 38 0 0 0 0 21 12 116 0 32 112 20 72 0
115 0 112 91 19 0 63 0 0 66 47 54 0 84 47 0
0 112 0 0 125 61 0 0 0 68 0 0 0 0 0 44
55 3 0 11 0 30 57 45 22 0 91 0 0 63 37 98
0 48 0 11 0 0 41 1 118 61 27 0 50 107 32 0
34 61 0 0 0 0 0 0 19 0 0 76 21 21 0 62
0 4 0 0 0 0 0 58 0 0 81 0 0 86 0 0
0 15 25 0 27 80 123 21 0 0 74 111 0 126 114 8
111 51 0 0 0 47 0 108 109 0 0 16 0 79 121 59
0 0 20 99 99 0 7 0 0 0 44 0 5 125 0 0
67 119 0 87 62 124 0 0 126 15 15 96 100 0 0 50
60 76 47 41 0 85 123 0 113 40 0 0 0 84 21 32
32 109 0 65 0 39 0 0 0 0 6 27 0 70 0 68
30 0 0 24 0 0 79 119 48 0 79 89 0 120 0 0
0 0 0 122 57 49 78 73 0 46 76 0 0 0 0 61
0 0 0 61 54 0 93 126 98 0 0 0 0 43 24 0
63 0 43 0 70 83 0 0 2 0 45 0 0 0 0 0
0 92 0 86 0 100 0 0 19 17 102 0 34 0 34 0
0 66 72 0 0 0 0 0 5 89 39 54 67 61 0 10
0 42 14 0 46 83 0 0 84 4 97 60 11 6 0 0
0 0 37 118 67 0 0 100 54 70 94 0 0 0 0 0
0 0 20 124 3 0 0 75 0 45 2 0 1 0 0 1
50 0 76 17 87 0 0 0 75 0 0 80 89 0 33 0
0 0 0 0 0 97 0 0 0 18 0 124 0 0 89 83
0 5 92 70 0 0 1 22 124 71 67 0 21 108 103 45
78 82 0 0 13 0 0 69 0 119 38 0 0 0 0 0
112 113 0 0 118 28 48 65 83 44 113 21 0 0 126 10
120 0 65 0 118 87 0 64 0 0 0 78 28 127 56 0
121 17 125 0 0 125 0 0 69 48 0 0 73 95 0 0
0 0 95 60 0 41 92 0 80 0 28 0 111 87 0 0
79 107 96 29 0 0 0 0 0 21 102 11 0 87 0 0
0 0 0 124 18 95 0 0 0 0 94 0 0 75 0 75
115 53 29 0 14 0 0 64 0 0 0 81 0 52 71 0
79 0 69 0 6 0 0 109 56 3 109 0 0 101 51 92
0 0 0 0 22 0 38 103 107 101 0 5 0 0 0 25
120 80 0 0 0 56 41 65 0 4 0 64 120 12 127 41
91 0 20 37 0 108 76 126 27 0 0 0 0 0 0 0
0 0 0 0 58 0 0 38 0 25 11 12 0 0 0 0
9 97 28 106 105 29 62 0 8 54 49 0 66 38 0 0
33 0 16 49 57 0 0 0 0 51 120 0 0 105 96 0
0 93 0 19 0 0 0 84 0 78 0 35 65 0 108 0
0 0 0 104 0 0 0 103 0 101 0 84 0 55 108 0
0 0 114 0 0 56 117 15 0 10 104 0 0 0 18 67
0 0 34 0 102 7 0 0 73 0 86 57 73 99 0 0
30 62 69 0 0 0 0 0 44 92 0 0 0 63 0 127
9 17 0 0 0 16 0 79 41 50 0 0 6 0 56 0
122 34 126 0 0 0 93 0 43 0 0 22 0 24 0 106
99 80 0 49 95 0 19 48 0 0 55 14 0 0 47 96
0 0 0 0 0 0 0 108 0 0 124 0 0 0 43 0
0 0 71 102 0 27 107 0 0 82 0 60 0 0 66 0
0 0 0 0 123 92 0 0 106 0 0 34 0 0 83 0
4 0 75 0 0 0 64 92 0 43 119 0 0 9 0 0
59 0 80 0 0 119 0 0 123 0 94 27 107 0 0 0
96 70 37 89 0 0 0 21 96 60 119 89 0 48 56 57
0 60 66 77 0 0 44 26 51 0 21 108 0 0 41 71
0 0 78 0 80 3 102 92 19 0 107 0 0 0 0 33
0 44 0 0 99 0 116 58 0 0 99 0 0 0 38 0
99 44 10 119 0 109 45 0 0 79 0 0 19 0 0 0
0 0 53 0 112 81 0 80 0 0 0 0 45 0 79 9
0 81 0 50 0 0 54 0 119 0 25 0 47 47 0 0
35 0 0 16 121 0 99 0 22 0 0 90 0 20 0 0
119 0 0 0 73 0 0 124 126 36 57 46 80 0 37 8
102 0 92 114 0 0 35 45 0 0 6 56 123 0 0 0
0 99 0 9 0 47 27 121 34 70 0 60 98 0 94 0
5 76 0 0 74 35 0 0 0 0 67 37 0 107 0 68
56 0 0 0 42 0 0 98 0 127 0 0 0 15 42 91
32 75 6 0 9 106 115 80 0 0 2 36 17 14 0 0
0 83 47 0 122 11 8 65 0 84 101 121 0 55 0 123
0 0 16 44 0 61 0 0 68 0 0 0 0 93 51 13
63 0 4 38 69 0 0 0 0 4 0 0 0 0 59 0
0 126 0 97 2 0 0 28 104 43 103 22 0 0 42 21
3 37 0 0 0 105 44 66 75 80 111 0 7 72 0 12
106 71 106 26 94 0 0 0 94 55 51 100 28 0 44 0
0 0 96 0 0 90 34 0 0 0 41 0 0 112 71 122
0 0 0 0 0 0 38 0 97 18 39 114 0 57 53 0
0 0 0 0 73 29 0 106 27 0 0 0 0 0 0 17
81 98 71 34 0 25 57 0 126 0 120 13 10 98 4 87
15 0 18 0 53 0 23 10 102 0 0 0 0 122 65 0
0 0 56 0 63 65 0 77 42 101 0 0 0 0 0 0
121 0 0 0 65 45 0 29 0 0 0 0 0 17 36 69
0 70 112 45 0 2 0 20 0 0 114 0 0 94 0 126
60 35 7 15 0 0 97 0 0 103 0 0 81 96 80 82
0 0 95 0 0 86 0 38 3 24 21 0 0 0 0 95
0 57 111 93 51 119 72 70 0 0 88 39 4 0 101 66
20 104 0 0 0 104 0 85 0 53 37 0 0 22 0 59
0 33 13 52 0 0 0 16 0 0 50 0 0 0 2 0
52 114 0 72 0 0 0 0 0 0 0 0 76 0 115 26
0 99 0 53 0 104 0 33 45 12 0 17 0 0 0 0
92 0 0 3 0 108 36 59 14 126 0 9 0 0 74 59
115 47 0 0 15 90 0 84 0 0 64 31 117 100 83 73
96 44 80 0 28 0 47 0 0 0 81 0 17 73 59 0
0 125 66 105 125 0 10 54 9 126 21 13 0 75 13 0
112 99 0 68 1 0 28 84 0 0 25 122 0 29 0 85
7 86 0 0 0 0 0 10 38 1 32 0 0 16 64 0
0 14 99 0 101 0 0 0 0 26 0 69 63 0 81 111
0 0 0 0 66 109 0 117 113 17 0 0 0 86 108 0
0 0 0 75 0 0 65 0 118 0 25 53 116 0 0 0
62 50 100 0 27 121 84 91 0 0 0 112 88 101 85 0
0 0 0 0 113 106 0 72 0 0 89 0 0 0 0 0
0 15 81 0 0 0 0 13 36 86 22 0 0 0 0 34
122 23 0 20 0 0 36 60 13 0 3 32 0 126 0 29
40 0 0 69 0 0 0 13 66 86 0 0 23 0 0 0
0 14 47 0 0 58 22 0 0 51 70 0 36 112 45 0
0 0 105 75 0 0 0 0 0 0 6 90 0 0 68 0
0 0 0 22 0 91 0 7 45 0 0 21 0 5 40 54
0 115 0 0 0 0 1 0 106 56 81 72 60 54 0 16
0 0 39 0 0 0 114 111 0 87 0 24 64 0 0 11
119 84 0 107 0 0 116 0 0 45 0 0 0 0 22 0
0 8 0 15 50 85 101 0 91 87 6 0 5 0 0 0
0 0 0 0 0 7 0 77 78 0 0 11 0 0 122 0
66 0 0 88 72 0 6 0 0 0 0 0 21 0 0 0
104 0 0 81 0 0 0 0 34 76 0 3 0 0 55 0
0 117 0 15 63 103 0 59 0 1 69 0 0 81 18 0
0 21 0 5 0 119 0 67 0 30 98 0 0 0 3 21
61 0 0 0 63 65 0 13 7 113 12 105 0 126 6 14
0 0 0 0 0 0 0 0 0 10 0 3 98 16 45 127
0 123 0 0 0 9 48 0 0 107 0 0 24 0 0 114
0 0 24 0 122 10 38 117 0 0 0 6 0 59 12 7
0 96 38 36 16 71 42 43 87 81 0 0 33 0 0 108
0 5 0 90 0 5 0 0 106 79 0 0 0 89 60 0
117 0 79 16 20 114 0 0 0 0 99 0 0 0 0 0
22 48 125 0 0 112 115 63 96 0 0 125 86 0 0 0
71 4 0 121 94 43 0 43 0 0 2 0 69 90 0 0
8 0 0 117 0 12 51 0 0 0 0 0 0 0 125 0
0 81 0 97 0 0 46 106 0 0 0 0 114 0 0 0
0 0 97 103 24 68 105 0 12 0 0 81 0 0 0 0
0 50 0 45 76 0 0 0 0 0 4 0 0 0 121 100
7 0 32 0 0 40 106 0 0 115 0 0 44 48 0 0
88 78 98 29 38 0 85 0 0 0 0 103 83 0 0 75
65 0 0 0 89 85 0 75 0 0 0 48 27 118 91 74
0 0 30 0 0 0 0 0 0 0 22 17 0 109 37 9
0 0 71 0 0 6 4 113 0 110 0 13 0 0 0 0
0 0 0 0 0 104 74 0 88 8 6 0 0 0 0 73
2 98 0 0 118 0 0 0 95 0 47 0 114 92 0 0
0 0 29 0 0 79 0 80 14 126 42 18 11 0 0 81
0 0 55 0 0 0 0 81 111 36 0 49 0 0 0 34
0 75 0 47 96 108 112 110 0 0 0 0 0 0 126 41
0 125 0 61 83 0 30 0 84 0 0 0 0 103 0 63
1 97 15 42 0 27 0 25 70 0 116 0 34 85 76 0
0 76 0 0 7 0 0 0 4 0 0 0 73 41 0 0
0 19 107 0 109 0 52 0 0 53 0 0 0 25 33 63
0 93 10 0 56 17 107 27 0 0 0 0 23 74 0 0
0 0 0 38 0 0 0 0 18 52 0 0 36 20 127 0
0 80 123 33 0 0 0 95 67 0 0 0 0 0 83 101
112 21 63 0 53 29 89 0 0 97 0 0 0 38 2 0
23 14 67 1 43 0 0 112 27 0 50 0 0 30 83 111
73 116 16 0 0 0 107 0 38 0 84 0 48 0 88 17
79 0 62 0 65 18 0 0 0 13 0 0 39 105 44 0
0 90 124 0 0 85 0 0 0 0 93 0 61 112 0 20
2 104 39 1 45 99 0 90 0 60 0 0 0 47 91 0
102 0 0 79 46 0 41 79 0 104 0 0 0 54 0 0
0 42 0 106 0 0 43 0 0 86 0 110 76 69 8 112
60 0 19 0 79 39 0 51 58 0 28 0 0 0 0 46
0 57 107 87 0 51 53 0 0 96 37 19 0 8 0 23
0 75 54 118 39 0 0 39 0 119 0 0 24 0 0 21
44 0 0 0 78 45 115 1 45 0 0 0 25 104 13 0
16 0 113 24 88 10 95 0 0 0 109 0 0 31 87 111
92 0 0 54 75 39 116 96 36 82 0 0 0 86 0 44
44 0 121 44 103 104 0 0 36 70 92 0 0 126 65 110
0 28 38 30 0 0 0 0 64 0 100 0 0 79 37 25
17 118 5 117 0 123 31 0 0 6 0 0 0 105 103 64
20 55 109 100 123 37 2 117 0 0 0 0 24 35 13 76
0 0 32 124 0 0 0 52 0 1 51 76 67 0 108 29
0 104 44 82 42 0 0 0 22 0 49 6 48 0 120 0
102 0 127 6 65 96 0 53 0 0 8 12 0 0 61 88
0 0 0 95 0 105 90 0 0 41 0 36 3 86 0 0
0 23 122 0 0 88 46 0 0 63 0 22 35 0 0 49
120 0 0 68 124 64 0 0 0 58 8 0 43 0 17 23
104 22 51 76 0 11 0 122 47 8 36 5 106 2 118 75
109 117 0 0 127 67 0 108 0 84 107 0 0 16 46 0
0 28 0 11 0 112 95 0 7 0 0 0 0 62 0 120
0 0 0 0 0 0 0 25 113 0 0 0 43 65 0 68
0 13 0 9 6 0 0 97 85 26 63 0 0 69 81 0
75 0 0 0 0 37 9 88 0 0 107 119 0 0 0 102
0 28 0 0 0 82 0 33 0 0 0 48 75 0 0 0
0 0 126 0 9 44 11 0 0 0 0 2 0 89 0 95
0 2 7 0 0 41 0 0 0 42 121 17 0 25 0 99
0 0 92 99 1 25 60 0 124 0 0 64 0 99 0 0
110 88 20 63 2 32 119 0 0 0 0 93 0 0 0 0
0 35 55 0 0 0 70 0 51 71 0 0 0 71 96 0
0 121 94 69 0 121 0 0 0 0 40 0 0 0 0 0
0 0 0 0 36 77 77 0 83 98 62 55 0 0 0 10
0 0 0 62 0 0 0 68 56 0 0 0 0 84 0 0
0 0 0 0 122 109 0 46 0 0 64 103 0 55 0 113
109 0 0 0 79 0 70 0 0 0 0 0 0 89 37 0
0 0 36 17 0 0 0 0 0 0 45 0 0 0 15 0
0 54 7 18 9 17 28 0 0 17 89 18 72 48 119 12
0 7 69 76 61 13 0 0 0 0 26 0 90 13 19 0
13 11 85 0 0 35 0 0 0 39 25 40 39 76 110 0
116 78 0 0 84 0 46 88 83 125 0 0 121 0 0 0
0 0 116 0 38 0 81 0 0 0 36 0 0 0 0 0
0 0 92 0 0 24 0 25 0 0 0 91 0 28 0 0
0 110 23 0 87 80 0 0 65 0 0 0 0 0 121 0
0 0 82 0 12 0 22 0 37 50 0 118 68 0 7 0
0 0 15 12 0 96 0 81 94 103 0 36 0 0 29 10
58 14 87 26 0 86 0 11 66 0 101 0 0 0 0 0
0 80 0 0 0 0 0 70 0 10 120 0 34 0 0 97
0 0 0 0 60 0 59 0 100 0 0 21 94 0 52 77
72 0 5 0 44 0 0 22 0 81 99 30 25 38 0 84
0 37 0 0 0 0 0 0 0 92 0 39 0 31 0 1
0 0 0 69 0 42 0 120 0 0 60 64 0 91 88 8
0 0 0 0 112 0 0 99 0 0 84 0 19 25 22 1
0 0 0 66 0 61 75 0 0 0 0 0 14 0 57 107
0 16 92 0 106 65 23 0 0 31 92 0 2 3 18 115
99 30 0 102 0 0 0 103 96 26 92 114 0 0 47 63
0 0 0 89 24 0 70 0 0 0 0 0 0 0 41 0
26 105 57 0 0 97 97 67 93 53 0 0 32 83 31 0
0 110 0 19 87 0 0 0 122 54 34 39 66 64 0 0
0 70 94 33 0 0 10 26 82 33 0 13 41 42 12 0
50 0 15 0 28 0 0 115 0 105 15 0 2 32 69 92
87 101 0 41 0 0 60 0 66 6 121 0 83 0 0 0
0 0 90 80 0 96 0 51 0 40 0 111 122 0 0 0
27 0 12 0 0 0 0 6 0 77 1 0 0 0 0 99
0 73 0 0 0 0 88 96 0 46 0 0 73 110 60 94
24 0 82 0 0 100 61 39 123 41 0 0 0 0 0 100
0 39 59 1 0 0 20 81 0 120 0 0 104 0 71 0
41 64 20 0 0 47 0 0 53 0 0 0 0 126 8 0
94 0 119 0 124 45 0 0 0 0 73 88 0 25 61 31
0 71 0 0 75 64 55 21 94 76 0 1 93 0 0 68
0 14 0 34 0 18 0 0 0 0 0 0 66 0 0 0
0 0 93 77 34 0 97 0 31 3 82 0 9 0 16 0
88 0 0 0 0 0 74 17 0 0 31 97 44 123 29 27
0 16 109 37 105 84 0 3 0 38 85 0 0 7 116 34
117 0 0 102 0 0 118 96 39 0 108 0 38 0 0 0
0 0 0 103 38 0 114 100 0 73 24 41 83 0 110 69
12 21 37 0 0 25 61 0 50 0 120 100 0 0 78 46
0 55 109 0 4 0 124 50 0 81 0 89 71 0 115 6
107 4 37 0 22 0 0 0 0 0 0 41 0 0 7 99
116 87 83 0 46 0 0 0 0 93 0 6 0 29 127 0
34 32 0 0 0 0 0 20 67 30 120 0 0 119 44 0
0 0 0 28 0 105 15 113 0 93 98 0 0 0 0 93
84 27 18 83 53 0 0 66 26 74 17 0 51 19 98 0
0 0 83 0 66 0 49 0 82 103 89 96 0 94 0 63
60 37 15 107 0 110 66 0 26 0 0 0 0 94 0 0
104 78 0 0 0 105 0 0 0 0 0 66 77 22 0 0
0 0 11 0 0 31 96 0 0 34 8 24 0 0 0 33
0 1 39 0 117 0 0 0 0 0 15 61 113 46 0 0
63 0 0 0 0 87 0 0 0 77 0 0 17 0 78 108
0 36 64 0 0 0 0 0 31 63 0 0 0 14 0 15
54 7 0 26 70 0 0 9 60 0 114 0 0 96 16 0
0 0 0 103 0 0 0 0 0 79 20 0 30 0 38 0
0 56 0 0 104 11 4 0 0 0 0 0 0 7 125 0
72 0 0 0 0 0 90 0 0 0 116 0 31 43 94 0
0 0 17 0 0 0 0 10 81 86 36 7 0 114 0 119
80 13 125 22 65 0 124 39 0 47 0 0 38 0 0 0
0 101 0 20 0 16 36 13 0 15 18 97 39 82 51 0
125 125 0 57 61 0 122 0 16 33 98 78 120 0 0 15
121 106 38 123 0 32 93 0 67 18 0 92 0 0 124 102
24 14 0 34 0 0 0 0 30 109 122 119 0 24 0 92
0 57 0 25 66 0 76 0 115 127 0 10 0 25 0 0
61 0 37 0 112 0 96 36 112 0 0 0 0 39 0 80
0 0 0 0 0 0 0 0 0 0 7 0 121 2 0 0
0 0 76 32 0 0 48 32 0 92 0 0 0 0 0 50
7 76 0 0 0 0 0 0 49 6 0 83 0 0 24 0
117 0 9 16 0 84 27 0 102 95 88 0 0 117 13 50
0 2 16 63 87 0 0 0 0 41 0 0 0 0 0 0
0 41 0 11 93 0 0 0 46 60 0 119 14 18 5 110
30 0 0 89 0 87 55 0 0 0 0 0 72 0 0 0
0 0 115 110 112 83 112 77 27 11 0 0 0 118 0 0
34 105 126 93 85 0 65 102 75 67 120 0 73 0 0 0
0 57 65 13 0 59 26 0 0 0 0 36 42 81 0 37
22 0 59 0 0 0 86 0 17 0 0 0 11 0 82 75
13 0 32 0 0 42 38 0 0 0 0 56 118 83 0 78
0 82 114 0 0 2 0 0 0 0 111 0 121 0 0 86
0 0 99 0 0 0 120 35 0 114 0 104 97 0 0 0
0 40 0 0 78 65 0 118 42 0 0 0 106 101 0 13
0 35 0 26 8 26 114 0 0 0 85 103 0 0 71 24
0 0 106 116 30 0 11 29 7 102 0 126 0 23 0 32
0 3 125 0 29 11 0 116 9 81 0 0 119 106 8 0
114 0 89 39 19 45 0 25 0 0 0 0 0 94 0 19
4 0 0 64 0 90 2 0 82 0 0 0 120 0 0 56
52 126 49 103 0 125 0 0 73 0 0 60 0 91 20 0
0 0 0 0 0 74 0 58 73 80 0 0 0 8 0 89
44 82 46 118 0 0 0 32 51 30 115 2 0 0 126 0
0 0 0 87 55 0 60 0 0 71 0 0 28 0 0 0
75 0 0 0 0 0 0 0 106 0 44 50 0 0 0 0
87 0 0 115 0 58 70 0 0 73 0 60 0 14 117 76
0 0 104 0 55 66 0 0 0 101 0 97 114 0 27 0
0 0 0 36 37 0 38 0 56 70 123 84 36 103 0 0
0 62 88 0 40 0 0 90 0 0 0 0 39 83 30 0
22 0 82 18 0 105 0 0 7 85 67 0 0 0 0 110
122 108 95 58 82 0 80 0 21 0 116 0 0 105 0 0
0 0 0 0 0 0 37 0 0 20 100 32 19 0 0 0
0 5 19 81 95 0 83 82 50 0 29 0 117 0 0 116
0 37 0 0 95 0 0 126 0 0 0 20 0 122 28 109
61 120 66 22 14 63 0 0 0 110 89 0 0 98 0 0
0 0 0 0 91 47 92 0 0 0 0 92 36 0 39 5
35 41 22 0 125 0 14 0 0 0 114 0 14 0 31 0
0 0 6 15 16 1 0 78 59 0 90 0 0 0 21 0
0 23 30 18 32 0 0 52 50 0 103 0 0 65 31 0
60 82 0 0 0 100 0 41 111 0 112 113 39 0 4 0
0 0 75 69 114 0 0 0 0 0 11 34 0 11 59 0
4 0 49 109 0 40 57 8 0 0 0 0 0 63 0 0
0 36 0 79 0 0 0 32 0 0 57 127 0 0 0 45
17 95 0 27 80 54 0 111 95 58 35 85 0 0 70 16
127 0 0 88 119 2 103 120 0 74 107 0 60 0 95 0
0 124 0 115 0 0 0 126 0 60 0 97 32 48 53 51
0 25 0 22 79 105 0 8 71 55 0 0 0 22 115 0
0 0 0 0 118 6 0 0 0 47 0 0 99 16 0 5
0 0 15 0 0 42 26 0 35 23 0 10 64 10 0 0
0 0 0 6 96 113 0 0 0 44 0 81 50 27 126 0
0 10 60 13 0 0 0 0 27 87 56 0 0 53 0 0
0 0 0 83 60 90 23 0 0 19 0 105 0 0 0 0
41 57 100 0 44 23 90 0 103 0 0 0 91 0 0 24
127 0 0 116 0 11 29 87 9 0 87 0 0 0 0 0
18 0 41 93 49 61 0 127 0 0 70 0 67 97 92 20
0 0 0 0 89 0 0 0 26 0 114 0 126 85 82 68
0 0 52 0 22 0 0 0 0 0 55 0 0 24 0 6
38 0 0 109 96 7 0 86 0 0 0 0 0 52 0 0
0 0 0 16 0 13 0 0 98 60 0 0 0 125 0 0
35 0 70 0 0 2 69 0 0 0 0 0 74 0 37 74
0 0 0 82 0 0 0 0 0 0 0 0 2 0 0 0
0 0 13 31 0 0 0 0 9 24 114 127 81 0 0 0
0 0 11 97 3 26 0 81 76 35 11 22 62 57 18 0
94 0 0 38 73 74 0 39 0 0 0 43 0 0 0 106
0 0 59 98 0 10 83 0 95 0 0 0 0 126 0 0
0 0 0 0 104 0 0 0 108 58 0 0 89 0 0 69
71 0 0 0 0 89 113 0 0 0 53 120 78 0 0 1
52 37 0 0 111 0 0 0 2 3 0 113 0 0 0 0
0 46 25 35 0 0 10 81 0 74 0 11 80 0 0 108
0 0 57 0 66 0 37 0 0 42 0 33 0 0 0 75
11 60 34 0 123 0 73 0 92 0 28 88 0 0 61 60
9 23 0 0 69 0 72 45 36 118 0 0 0 0 101 10
0 89 0 59 114 101 0 0 78 68 0 98 36 0 0 0
0 25 0 108 0 0 0 0 96 0 18 0 0 0 0 96
0 0 25 0 23 0 4 0 0 81 0 0 0 0 0 0
11 77 106 79 126 15 0 28 0 0 85 12 0 0 0 116
0 0 0 69 9 42 45 95 0 121 0 127 84 52 0 0
55 15 0 64 0 15 73 0 118 0 0 62 21 28 0 0
41 0 0 116 0 64 34 118 0 0 0 0 0 112 0 23
0 0 124 26 0 0 100 11 33 44 87 89 0 50 0 50
0 0 0 49 0 0 57 0 0 18 0 64 0 0 0 52
105 81 100 0 0 37 110 52 57 94 0 17 0 45 112 107
0 92 29 0 0 122 0 0 0 115 55 0 33 0 0 73
121 116 81 33 0 116 0 15 27 123 86 103 12 57 0 0
0 112 0 3 59 83 0 59 59 0 108 0 42 111 75 17
0 0 0 99 0 0 71 64 4 71 47 33 0 0 43 0
2 0 0 78 0 0 0 75 80 0 109 0 0 87 56 68
0 87 8 0 0 0 0 0 0 0 0 59 80 0 33 7
0 19 126 108 0 0 52 32 0 0 0 68 62 97 95 77
32 7 0 0 105 0 0 17 0 0 0 52 86 53 0 0
0 0 47 0 0 115 36 49 0 116 0 0 0 0 0 0
69 119 62 0 38 84 24 0 0 0 0 0 0 0 42 76
0 7 0 0 0 101 0 47 0 72 36 98 34 113 65 94
103 126 0 0 105 57 0 93 123 10 0 77 64 0 0 10
0 0 30 29 0 11 90 104 7 70 0 0 0 0 0 0
47 6 0 78 107 57 0 7 0 23 0 0 0 0 45 0
0 0 98 122 49 0 126 40 72 48 0 0 113 0 85 126
0 0 0 0 0 0 0 99 0 91 12 0 114 118 116 25
11 54 90 0 2 89 35 0 87 0 51 0 0 0 64 0
0 0 69 0 124 0 0 74 0 0 83 127 102 68 99 0
93 25 79 0 0 0 0 0 72 124 0 0 0 0 0 0
0 107 119 0 114 47 100 60 0 36 2 62 0 0 103 121
0 0 70 0 0 105 0 66 49 0 75 73 0 0 75 123
36 20 0 108 43 126 61 0 58 0 84 95 41 124 55 0
0 33 119 0 0 0 95 121 0 21 3 0 0 0 74 0
0 0 119 102 110 0 62 0 23 0 13 0 89 9 127 87
0 17 0 23 0 0 0 0 0 0 43 103 0 82 0 0
0 72 0 61 107 0 0 0 67 0 0 118 38 0 6 70
0 109 0 0 0 0 64 60 0 87 43 6 44 0 0 35
124 0 0 29 105 0 0 0 0 11 89 0 0 0 0 112
0 49 0 114 0 0 0 99 0 0 118 0 0 0 105 0
0 106 110 119 69 0 46 19 53 105 65 22 6 0 29 33
0 0 93 115 0 14 0 108 62 0 0 113 0 64 0 92
121 0 0 0 87 0 90 20 0 113 0 0 0 18 0 0
23 0 41 20 0 67 0 0 0 91 0 64 0 0 0 12
0 0 0 0 2 52 19 0 0 0 0 71 0 59 105 0
67 0 37 0 111 0 83 0 0 95 0 127 46 83 0 0
51 81 0 113 0 0 0 0 0 89 83 0 0 0 0 0
91 0 0 82 70 0 0 107 37 4 0 0 0 110 0 48
108 0 70 0 0 0 0 120 52 0 0 0 0 0 0 0
0 0 83 54 1 0 0 11 94 21 51 125 98 0 0 86
0 0 0 122 0 0 0 0 77 22 0 0 77 51 119 0
0 11 126 0 0 0 0 0 0 80 0 15 0 3 0 0
0 47 0 67 98 123 125 14 0 0 0 45 73 0 0 0
80 73 109 0 100 34 0 0 0 52 0 28 45 63 0 127
0 83 100 34 0 20 125 0 87 0 0 84 72 23 0 126
84 0 0 82 0 0 0 0 0 0 0 0 0 31 5 0
86 0 20 0 0 113 84 0 81 0 54 0 0 78 22 3
0 0 0 93 0 0 0 125 28 105 0 66 55 15 68 30
7 74 22 0 67 0 0 0 104 0 0 0 46 71 0 28
72 65 0 0 0 5 119 0 0 60 0 0 0 0 25 82
0 88 0 50 0 0 77 0 52 0 100 0 90 0 0 32
0 0 88 0 0 0 90 93 0 0 0 0 0 0 102 2
0 77 83 0 0 127 0 0 61 127 0 21 0 0 0 16
19 42 0 87 0 0 39 72 0 72 0 0 50 101 19 113
0 0 0 0 0 0 0 41 4 52 48 95 0 0 0 41
41 114 105 0 48 0 38 0 0 0 0 21 0 11 43 126
102 0 0 97 0 0 0 19 96 0 0 0 86 110 30 20
99 0 89 120 0 43 0 33 36 107 0 0 97 0 44 33
106 90 70 104 85 94 0 13 0 0 118 0 48 85 0 0
0 0 0 88 0 0 93 47 112 57 30 0 86 21 14 85
30 0 2 0 36 40 0 43 0 0 37 0 0 119 0 25
0 0 64 0 0 90 47 112 118 61 0 0 4 71 0 0
0 0 106 2 0 0 119 0 0 0 53 68 0 0 15 0
71 0 0 0 61 113 100 0 0 37 13 98 0 15 0 0
0 0 89 100 1 0 36 0 106 80 0 0 0 125 80 0
114 0 18 93 109 16 0 105 0 67 101 0 24 82 0 51
0 0 99 56 0 0 0 0 48 100 99 69 115 0 24 12
115 0 15 0 0 107 0 0 0 79 0 71 29 0 0 0
114 0 96 0 0 0 0 80 0 0 7 0 0 0 29 64
0 88 68 6 0 123 31 0 0 0 0 112 54 0 36 30
116 30 21 111 39 54 0 62 35 0 103 0 53 0 19 0
0 0 11 1 0 0 110 0 0 3 22 0 106 0 17 0
0 54 0 11 120 0 0 117 111 10 79 0 121 16 0 0
108 0 0 0 0 0 0 0 0 0 102 0 0 110 0 0
83 21 0 93 78 45 4 46 0 0 0 0 0 0 67 51
0 13 30 0 44 71 51 0 0 0 0 0 0 0 0 101
33 0 120 0 104 70 0 20 0 0 0 0 41 0 0 6
0 70 0 12 108 3 122 0 0 0 92 0 79 0 0 0
54 94 0 13 43 0 105 0 36 0 0 0 0 52 101 53
40 35 0 0 0 0 123 49 102 0 58 0 41 0 125 71
0 84 0 4 55 0 124 81 0 0 71 0 60 0 0 0
68 106 120 0 15 33 0 0 102 106 23 0 0 1 25 0
0 34 0 119 0 0 123 0 0 94 118 0 20 0 0 41
112 0 0 0 87 0 113 0 36 0 0 127 53 0 0 101
0 0 0 0 96 54 0 0 28 53 124 0 82 88 0 12
114 0 0 0 0 0 123 0 0 100 0 10 0 0 0 86
0 0 31 0 23 121 0 48 0 0 0 67 19 0 0 0
8 58 64 77 0 0 0 0 5 22 12 0 55 108 0 78
0 0 111 0 0 0 17 0 61 0 0 0 52 0 83 0
79 0 98 16 35 0 0 0 50 0 40 0 32 58 15 79
96 0 46 46 0 0 0 111 90 0 0 0 22 31 0 0
93 0 0 0 61 63 0 18 0 0 0 43 14 21 4 0
90 0 72 21 89 58 0 15 0 49 57 0 19 0 1 13
0 11 0 0 0 0 0 0 7 0 36 39 98 0 0 3
0 75 0 16 45 90 100 52 32 119 0 9 87 75 108 0
0 0 0 110 0 29 65 0 116 0 0 77 0 63 91 0
3 30 0 100 0 62 2 105 0 0 51 0 0 75 33 0
105 0 56 12 0 0 0 109 119 100 40 8 57 3 0 0
108 0 97 78 49 0 0 122 10 0 86 0 15 25 50 0
20 0 75 0 0 119 0 96 27 59 89 39 0 127 0 42
0 42 0 0 0 108 0 76 30 70 16 88 16 58 55 54
0 0 42 0 0 40 45 0 110 0 120 0 122 85 45 0
30 0 8 82 0 96 0 0 0 0 0 18 121 105 0 63
0 0 61 22 0 58 0 0 0 0 0 0 0 44 27 115
86 0 8 68 0 0 105 56 22 0 73 0 0 4 101 0
124 44 0 0 0 0 0 0 25 100 0 0 106 64 34 0
107 8 110 105 52 111 124 0 0 0 5 56 0 36 71 127
77 12 0 0 15 90 118 0 33 117 104 0 11 0 61 109
0 119 0 0 61 0 24 0 0 0 0 0 0 0 67 10
35 0 0 0 0 0 0 0 77 25 0 0 0 0 61 0
0 11 0 14 34 42 0 52 0 0 55 0 19 0 104 0
30 15 0 0 17 34 0 96 10 66 0 0 61 0 0 61
17 0 110 0 0 0 0 0 4 61 39 0 0 68 38 0
0 0 94 125 36 87 0 71 0 74 89 0 38 0 87 0
41 125 0 0 0 26 107 50 35 74 0 0 122 0 0 0
119 0 95 0 80 0 0 117 111 99 0 51 39 0 0 2
0 0 0 1 0 0 0 4 23 40 0 81 85 78 110 0
0 60 0 0 32 0 11 46 0 0 0 74 64 0 55 0
0 0 33 0 0 108 0 0 0 0 0 106 47 0 0 83
35 125 104 75 0 0 0 0 40 0 0 0 0 0 123 0
0 120 0 0 61 37 0 102 0 7 0 22 7 100 0 95
43 49 0 0 0 19 53 0 92 65 84 0 0 48 0 100
0 0 0 0 0 75 0 0 26 16 0 28 0 2 0 0
0 0 0 0 0 28 0 0 118 0 0 0 0 0 0 40
59 0 0 0 65 6 0 0 0 0 123 0 0 0 34 0
0 0 116 0 28 87 0 46 62 2 111 0 0 0 4 39
0 0 54 0 5 0 0 0 93 0 0 0 109 62 38 0
0 0 0 105 50 0 0 12 0 51 0 0 0 125 81 104
62 0 0 0 0 0 0 0 0 0 68 0 0 2 0 0
104 125 94 0 103 1 0 0 27 22 0 0 46 87 0 0
86 70 0 0 0 0 5 0 9 0 0 0 5 0 12 0
0 53 88 0 104 0 0 80 15 67 0 0 0 81 54 0
122 61 94 90 0 0 113 0 0 0 0 90 64 115 2 117
75 0 0 0 0 0 0 0 0 0 98 54 88 0 0 0
42 14 0 36 0 69 0 87 0 60 8 0 0 0 0 0
28 0 0 0 49 0 0 0 0 67 111 23 0 1 21 0
92 127 0 0 0 71 0 0 19 0 0 0 60 0 71 81
0 0 0 0 0 0 0 0 0 0 0 0 0 0 0 0
33 0 16 121 0 121 10 100 3 74 103 0 0 112 75 112
0 0 0 0 0 0 0 0 0 0 0 0 0 0 0 0
0 120 0 55 0 27 42 54 114 0 0 0 98 0 0 29
0 0 0 0 0 0 0 0 0 0 0 0 0 0 0 0
108 104 0 119 61 0 28 17 0 118 0 0 31 65 57 0
0 0 0 0 0 0 0 0 0 0 0 0 0 0 0 0
0 0 68 0 0 83 0 0 0 24 0 0 0 84 73 0
0 0 0 0 0 0 0 0 0 0 0 0 0 0 0 0
0 44 18 0 0 14 30 0 0 92 53 0 0 0 0 0
0 0 0 0 0 0 0 0 0 0 0 0 0 0 0 0
85 0 81 15 0 40 0 68 0 96 0 0 123 0 88 0
0 0 0 0 0 0 0 0 0 0 0 0 0 0 0 0
0 0 0 0 0 44 80 48 3 0 0 0 102 0 0 0
0 0 0 0 0 0 0 0 0 0 0 0 0 0 0 0
0 0 0 0 0 0 0 0 0 0 0 0 0 0 0 0
0 0 0 0 0 0 0 0 0 0 0 0 0 0 0 0
0 0 0 0 0 0 0 0 0 0 0 0 0 0 0 0
0 0 0 0 0 0 0 0 0 0 0 0 0 0 0 0
0 0 0 0 0 0 0 0 0 0 0 0 0 0 0 0
0 0 0 0 0 0 0 0 0 0 0 0 0 0 0 0
0 0 0 0 0 0 0 0 0 0 0 0 0 0 0 0
0 0 0 0 0 0 0 0 0 0 0 0 0 0 0 0
0 0 0 0 0 0 0 0 0 0 0 0 0 0 0 0
0 0 0 0 0 0 0 0 0 0 0 0 0 0 0 0
0 0 0 0 0 0 0 0 0 0 0 0 0 0 0 0
0 0 0 0 0 0 0 0 0 0 0 0 0 0 0 0
0 0 0 0 0 0 0 0 0 0 0 0 0 0 0 0
0 0 0 0 0 0 0 0 0 0 0 0 0 0 0 0
0 0 0 0 0 0 0 0 0 0 0 0 0 0 0 0
0 0 0 0 0 0 0 0 0 0 0 0 0 0 0 0
0 0 0 0 0 0 0 0 0 0 0 0 0 0 0 0
0 0 0 0 0 0 0 0 0 0 0 0 0 0 0 0
0 0 0 0 0 0 0 0 0 0 0 0 0 0 0 0
0 0 0 0 0 0 0 0 0 0 0 0 0 0 0 0
0 0 0 0 0 0 0 0 0 0 0 0 0 0 0 0
0 0 0 0 0 0 0 0 0 0 0 0 0 0 0 0
0 0 0 0 0 0 0 0 0 0 0 0 0 0 0 0
0 0 0 0 0 0 0 0 0 0 0 0 0 0 0 0
0 0 0 0 0 0 0 0 0 0 0 0 0 0 0 0
0 0 0 0 0 0 0 0 0 0 0 0 0 0 0 0
0 0 0 0 0 0 0 0 0 0 0 0 0 0 0 0
0 0 0 0 0 0 0 0 0 0 0 0 0 0 0 0
0 0 0 0 0 0 0 0 0 0 0 0 0 0 0 0
0 0 0 0 0 0 0 0 0 0 0 0 0 0 0 0
0 0 0 0 0 0 0 0 0 0 0 0 0 0 0 0
0 0 0 0 0 0 0 0 0 0 0 0 0 0 0 0
