0 0 0 0 15 0 7 0 30 0 0 0 0 0 16 0
1 0 0 0 0 0 0 5 0 0 0 0 35 0 15 3
13 0 6 2 0 0 5 0 49 0 33 0 0 49 22 0
5 9 15 0 3 14 18 0 33 0 1 12 0 24 25 0
14 0 0 2 7 0 9 5 61 0 0 0 0 0 17 14
19 18 0 0 0 0 5 7 12 9 0 7 0 0 15 9
0 1 4 20 0 5 5 11 0 40 8 65 0 9 0 6
0 1 0 17 1 6 0 0 0 22 0 38 0 0 0 19
0 0 0 0 8 0 0 0 0 0 30 20 30 0 14 0
0 0 1 22 17 7 15 1 0 0 0 0 35 0 20 0
2 2 11 0 0 0 17 17 0 9 5 0 0 0 13 38
0 0 0 0 0 0 0 7 0 7 10 0 0 0 37 10
0 0 4 4 0 0 0 0 23 0 50 0 0 0 69 0
1 0 4 0 0 0 6 0 5 0 10 0 0 0 12 0
0 0 24 15 0 0 0 0 0 19 59 74 0 0 0 0
2 0 15 6 0 0 0 0 0 0 50 40 7 0 0 0
26 5 0 0 30 14 10 2 0 0 0 0 14 0 5 0
15 11 0 0 40 0 21 8 33 0 32 0 0 24 0 5
18 0 12 17 0 21 0 4 0 0 0 0 0 0 8 1
41 0 0 6 0 22 0 0 0 38 44 5 23 17 14 0
9 0 0 0 0 7 3 0 0 0 0 28 12 0 0 19
4 0 0 0 3 6 1 0 26 28 4 0 0 0 9 0
4 0 0 21 7 0 0 0 0 0 36 0 0 4 10 28
0 36 7 31 0 0 0 10 3 0 0 28 24 0 0 0
0 8 0 0 6 16 0 0 9 0 4 0 18 0 7 0
0 16 4 0 0 0 0 0 0 21 0 32 8 50 4 32
9 6 0 2 0 1 27 9 12 8 22 0 0 0 8 0
0 4 9 0 0 0 27 28 0 0 0 5 0 28 0 4
0 0 0 0 0 0 9 0 0 0 29 22 11 0 0 21
17 0 0 0 0 0 43 22 5 0 0 0 0 9 14 0
0 0 23 3 2 0 0 2 0 0 11 7 22 0 14 0
0 0 35 34 13 0 3 0 24 0 9 0 0 12 0 15
16 3 0 0 49 18 11 5 0 19 0 13 43 10 15 9
0 0 0 10 0 0 0 8 21 0 0 0 25 11 9 10
24 0 0 17 0 18 5 9 14 0 0 14 0 0 0 2
0 4 0 0 0 0 21 30 29 0 18 0 0 27 15 0
6 7 0 0 0 6 9 0 0 0 0 3 18 6 0 0
0 2 17 57 11 0 12 31 12 11 0 0 0 2 6 0
0 5 0 28 14 0 6 3 0 3 2 0 0 0 5 13
0 0 13 0 5 4 24 19 0 8 0 47 1 1 0 2
0 9 0 0 20 13 0 0 0 9 0 0 0 0 0 0
2 0 0 8 11 0 31 2 0 21 0 4 14 16 0 0
0 5 0 0 0 0 40 0 23 3 4 0 14 0 18 11
14 0 2 16 2 0 6 0 0 0 0 0 0 0 16 15
1 0 0 0 2 0 4 0 7 0 0 4 11 0 0 41
0 2 11 31 4 0 0 4 1 0 0 0 0 0 24 0
12 0 29 2 9 0 0 0 0 0 3 0 31 0 19 0
9 0 0 0 9 0 10 0 1 0 38 2 0 0 0 0
0 7 0 0 39 0 26 24 0 0 0 5 7 0 7 15
0 14 0 3 19 0 14 11 8 0 0 0 12 0 13 9
29 0 0 13 0 22 0 0 1 0 0 11 0 3 25 18
13 0 0 9 0 5 0 0 20 0 9 0 0 31 10 0
0 0 0 3 1 17 0 11 0 0 0 49 7 4 16 25
0 0 0 5 5 5 0 8 18 0 0 0 0 0 1 5
0 25 11 24 0 0 0 35 0 0 12 0 0 0 0 24
0 3 10 1 0 0 0 16 0 12 0 34 0 0 0 16
0 11 0 0 9 0 0 0 0 0 0 0 25 0 30 0
0 1 0 0 2 0 0 0 0 4 3 0 13 5 1 0
19 2 17 0 0 0 37 21 18 0 10 21 2 0 16 0
21 0 8 0 1 0 9 8 0 8 0 0 0 0 14 22
19 4 15 0 0 0 17 30 1 3 19 14 6 0 0 14
0 0 11 4 0 0 0 26 1 0 3 0 0 0 23 0
0 0 39 39 26 0 19 0 0 0 8 4 22 0 14 0
0 0 11 8 22 0 12 0 0 0 40 25 0 0 0 0
0 10 0 12 34 1 10 0 37 0 9 0 0 7 15 16
0 0 0 0 50 0 14 0 23 17 0 1 40 18 15 3
4 0 0 14 0 0 0 17 21 4 30 0 0 34 0 0
28 0 0 8 0 0 19 0 28 0 0 0 0 13 0 0
0 0 2 15 17 8 0 3 25 6 0 0 0 0 3 0
15 0 0 19 10 1 10 7 0 0 0 0 0 6 0 0
0 0 18 0 0 0 18 17 6 10 0 32 7 0 0 0
0 24 24 29 0 13 0 30 0 11 0 24 0 0 0 5
0 3 0 0 0 0 0 0 0 11 0 14 9 23 0 10
0 0 0 0 40 0 12 0 0 20 0 0 0 12 0 0
31 0 20 0 3 6 17 14 0 0 0 0 0 8 0 17
2 6 43 0 0 0 37 12 1 6 2 0 0 1 10 14
0 0 0 22 2 0 0 47 17 3 0 0 0 0 37 0
4 0 23 5 0 0 0 8 0 0 0 0 0 1 9 12
0 0 6 0 31 0 30 2 0 0 26 16 0 0 0 10
0 0 45 41 28 0 7 0 0 0 26 5 9 0 0 2
41 13 8 0 23 9 9 0 17 15 0 0 40 0 15 9
0 9 0 15 22 18 1 24 3 0 0 0 0 0 7 4
30 0 5 0 5 13 0 0 39 0 0 0 0 29 0 0
0 19 3 21 0 6 2 33 12 0 17 5 0 17 0 0
15 0 0 0 0 0 0 0 5 0 0 0 0 10 0 0
0 12 7 18 0 9 3 0 7 0 0 0 3 0 0 5
0 12 0 27 0 0 0 0 0 36 0 31 0 0 0 11
3 0 0 0 20 0 22 10 0 0 0 18 0 0 0 8
11 9 0 3 0 15 0 0 0 24 2 0 0 0 0 0
0 14 0 0 4 16 14 0 0 9 0 5 0 10 0 0
0 11 0 0 0 0 0 11 0 13 2 0 0 0 23 30
25 0 0 16 8 18 18 0 7 0 0 0 0 0 1 16
0 0 0 0 0 13 30 0 9 0 0 0 0 0 42 11
0 0 0 4 0 0 0 0 0 0 7 0 0 0 8 0
0 0 24 8 0 0 0 19 0 0 37 29 10 0 0 0
20 0 0 0 7 0 8 0 0 0 17 0 0 0 0 2
10 9 0 0 31 16 21 5 0 0 0 0 55 0 27 3
0 6 0 10 32 5 0 11 0 0 0 0 9 0 9 6
26 0 6 0 0 13 0 0 46 0 0 21 0 15 0 0
0 0 0 30 0 4 0 29 22 0 14 12 0 20 31 0
0 1 0 0 0 2 0 0 2 0 0 1 5 13 9 4
0 0 0 33 10 19 16 9 9 3 0 3 0 0 13 10
0 8 0 24 0 0 0 11 0 33 23 26 0 0 0 30
0 0 0 0 10 0 21 23 0 5 0 36 0 0 0 7
0 9 0 0 15 2 0 0 0 0 1 0 12 0 0 0
0 10 0 0 3 0 12 0 0 0 5 15 34 0 21 0
1 0 4 10 0 0 19 4 7 15 36 0 0 0 54 24
28 0 0 7 7 3 36 7 11 0 5 4 0 0 17 11
0 0 0 0 0 0 3 7 12 0 24 0 0 0 24 25
0 0 0 13 1 0 0 10 13 0 10 0 0 0 0 0
0 0 33 14 5 0 0 0 0 0 47 49 37 0 26 0
11 0 5 0 26 0 20 0 0 0 36 26 0 0 0 0
0 15 0 12 61 3 25 16 0 0 0 0 77 0 26 13
0 5 0 0 46 0 12 9 0 24 0 6 66 0 25 1
21 0 0 24 0 14 0 8 37 0 0 29 0 14 13 0
25 0 0 23 0 3 4 0 19 0 0 18 0 0 0 11
0 0 0 17 4 21 0 1 0 0 0 31 0 24 9 9
0 0 0 16 7 20 11 8 0 0 0 31 30 22 0 11
0 11 0 8 0 0 4 28 0 25 14 31 0 0 0 52
0 13 24 18 0 0 0 33 0 6 37 0 0 0 28 43
0 7 0 0 9 0 0 0 0 0 0 0 35 0 22 0
0 0 0 0 14 0 1 0 0 0 0 0 5 0 0 0
24 3 24 5 0 0 51 12 20 4 53 4 0 0 77 8
19 3 31 0 0 0 41 15 34 4 41 0 10 0 37 11
6 0 0 0 0 0 0 31 5 0 24 4 3 0 0 22
4 0 16 1 0 0 0 32 0 0 16 29 13 0 0 67
0 0 32 24 45 0 25 0 0 0 57 46 61 0 32 0
0 0 33 24 41 0 28 0 0 0 6 0 69 0 43 0
23 0 0 0 46 0 22 6 20 0 0 0 35 0 23 1
0 0 0 0 32 0 12 3 0 0 0 0 0 0 0 0
43 0 16 22 0 27 11 0 52 0 4 6 0 28 6 0
19 0 2 24 0 7 16 0 0 0 0 0 0 0 0 0
38 0 0 0 0 0 11 0 21 0 0 0 0 1 4 0
0 0 0 7 5 3 10 3 0 0 0 0 0 0 0 0
0 22 0 58 0 0 0 14 0 38 14 57 0 0 0 20
0 3 4 23 0 0 0 24 0 0 0 0 0 0 0 0
0 10 0 0 27 12 2 0 0 1 13 0 20 0 0 0
0 0 0 0 22 0 18 0 0 0 0 0 0 0 0 0
0 3 13 0 0 0 47 27 0 11 23 0 0 0 29 32
6 1 15 0 0 0 29 8 0 0 0 0 0 0 0 0
13 0 0 0 0 0 26 0 11 0 24 0 0 0 40 9
0 0 5 0 0 0 0 1 0 0 0 0 0 0 0 0
0 0 61 42 0 0 0 0 0 6 64 61 7 0 0 0
0 0 30 20 20 0 8 0 0 0 0 0 0 0 0 0
0 0 0 0 0 0 0 0 0 0 0 0 0 0 0 0
0 0 0 0 0 0 0 0 0 0 0 0 0 0 0 0
0 0 0 0 0 0 0 0 0 0 0 0 0 0 0 0
0 0 0 0 0 0 0 0 0 0 0 0 0 0 0 0
0 0 0 0 0 0 0 0 0 0 0 0 0 0 0 0
0 0 0 0 0 0 0 0 0 0 0 0 0 0 0 0
0 0 0 0 0 0 0 0 0 0 0 0 0 0 0 0
0 0 0 0 0 0 0 0 0 0 0 0 0 0 0 0
0 0 0 0 0 0 0 0 0 0 0 0 0 0 0 0
0 0 0 0 0 0 0 0 0 0 0 0 0 0 0 0
0 0 0 0 0 0 0 0 0 0 0 0 0 0 0 0
0 0 0 0 0 0 0 0 0 0 0 0 0 0 0 0
0 0 0 0 0 0 0 0 0 0 0 0 0 0 0 0
0 0 0 0 0 0 0 0 0 0 0 0 0 0 0 0
0 0 0 0 0 0 0 0 0 0 0 0 0 0 0 0
0 0 0 0 0 0 0 0 0 0 0 0 0 0 0 0
